1,3.18978804511537e-07
2,3.17548401759912e-07
3,3.13061596185785e-07
4,3.11598937713217e-07
5,3.0022081635665e-07
6,2.95954096077442e-07
7,2.92480183779257e-07
8,2.82909185386053e-07
9,2.77971195672633e-07
10,2.76835502593795e-07
11,2.75266707401685e-07
12,2.68648665429927e-07
13,2.55556143428165e-07
14,2.49247104950826e-07
15,2.44545268043728e-07
16,2.28133761005797e-07
17,2.23215361806334e-07
18,2.2196862139196e-07
19,2.15708813063809e-07
20,2.10801690516996e-07
21,2.06862169532486e-07
22,1.96166709959264e-07
23,1.9102810931349e-07
24,1.8329060652187e-07
25,1.77100467027184e-07
26,1.72600694830559e-07
27,1.711979694157e-07
28,1.66624730897462e-07
29,1.62085767546423e-07
30,1.52567945665299e-07
31,1.49778589189557e-07
32,1.48063275785526e-07
33,1.39702085690759e-07
34,1.37315625502475e-07
35,1.3443204334531e-07
36,1.31672973457423e-07
37,1.23250797546273e-07
38,1.20643979789845e-07
39,1.15301802113794e-07
40,1.13534193340935e-07
41,1.09384887514104e-07
42,1.07454486884186e-07
43,1.04661245536989e-07
44,1.00854421615915e-07
45,9.78056959321608e-08
46,9.35303368245062e-08
47,9.23346068772688e-08
48,8.83344370537162e-08
49,8.47129948408498e-08
50,8.3030265960381e-08
51,8.18391240874811e-08
52,7.90177112886369e-08
53,7.73824998890616e-08
54,7.47996732618297e-08
55,7.38833301931532e-08
56,7.0897841558586e-08
57,6.82135504504255e-08
58,6.62645265891185e-08
59,6.3306962989463e-08
60,6.17829684052276e-08
61,6.05496339516624e-08
62,5.8195044086516e-08
63,5.73646803117105e-08
64,5.61582176773559e-08
65,5.32682744208433e-08
66,5.24288190384726e-08
67,5.10309880357825e-08
68,4.98229110082789e-08
69,4.76649100318487e-08
70,4.70234090397575e-08
71,4.61719634218437e-08
72,4.42446360139132e-08
73,4.34783974991085e-08
74,4.20629672951873e-08
75,4.09825054703049e-08
76,4.09191725716894e-08
77,3.86831623319493e-08
78,3.84262389857259e-08
79,3.57146609544194e-08
80,3.51810386283066e-08
81,3.45433296440814e-08
82,3.44558132724248e-08
83,3.32641700811769e-08
84,3.26747927978054e-08
85,3.11203337332273e-08
86,3.07853948244628e-08
87,2.96663204020398e-08
88,2.9361883463703e-08
89,2.80265926129371e-08
90,2.76970498102653e-08
91,2.65955191610922e-08
92,2.59021343928365e-08
93,2.54884028110789e-08
94,2.43307280501495e-08
95,2.4098655790773e-08
96,2.33164955551606e-08
97,2.28188662708275e-08
98,2.22966406884796e-08
99,2.18848597458485e-08
100,2.168359586432e-08
101,2.03742275416988e-08
102,2.00804297155792e-08
103,1.98544618562268e-08
104,1.91397831748291e-08
105,1.88461341505498e-08
106,1.84501339341584e-08
107,1.78769008434374e-08
108,1.7478315604216e-08
109,1.67957734358356e-08
110,1.65702422484684e-08
111,1.62086399907278e-08
112,1.59164130693501e-08
113,1.55983666200582e-08
114,1.53959056102028e-08
115,1.49758808765049e-08
116,1.46263573346809e-08
117,1.40920775037484e-08
118,1.3542697574265e-08
119,1.34062103088729e-08
120,1.30245275654226e-08
121,1.2617411971275e-08
122,1.2526073470413e-08
123,1.22189001326428e-08
124,1.19817535667327e-08
125,1.15974125274491e-08
126,1.13447941923104e-08
127,1.10181473347466e-08
128,1.0661541343615e-08
129,1.04643690097313e-08
130,1.03494908272811e-08
131,1.00333987659686e-08
132,9.8528575201299e-09
133,9.56940377703897e-09
134,9.36881440075815e-09
135,9.08697962292963e-09
136,8.81488638196469e-09
137,8.73740165704813e-09
138,8.66555852780743e-09
139,8.44465987734982e-09
140,8.3985298513252e-09
141,8.09667618339926e-09
142,7.94436114993848e-09
143,7.82540947815044e-09
144,7.72029482522135e-09
145,7.4616134247592e-09
146,7.34092827783487e-09
147,7.00601945892517e-09
148,6.7866653862583e-09
149,6.68329354346263e-09
150,6.5188642511363e-09
151,6.38876957219512e-09
152,6.35006110909758e-09
153,6.14358107900603e-09
154,6.06508792294323e-09
155,5.95989926332973e-09
156,5.83376146747869e-09
157,5.74061055223991e-09
158,5.48749802457696e-09
159,5.3669118313348e-09
160,5.24094373293159e-09
161,5.12238194949967e-09
162,5.07833231604808e-09
163,4.92689081880393e-09
164,4.88678632208168e-09
165,4.74843550216154e-09
166,4.65776340848734e-09
167,4.53007176815124e-09
168,4.38293237643374e-09
169,4.3461164504044e-09
170,4.27847743222588e-09
171,4.2382177468551e-09
172,4.10595311036977e-09
173,3.95255801257975e-09
174,3.89705748343256e-09
175,3.88497804434996e-09
176,3.81260976626526e-09
177,3.69071709554133e-09
178,3.67600569366353e-09
179,3.56357108449636e-09
180,3.46461026031323e-09
181,3.39340761349327e-09
182,3.32746348019509e-09
183,3.2714652735475e-09
184,3.20979933592739e-09
185,3.07913480960324e-09
186,3.03284598015378e-09
187,3.01915019651218e-09
188,2.92701108587472e-09
189,2.90461434701119e-09
190,2.80721309320808e-09
191,2.70409065671457e-09
192,2.67833603613212e-09
193,2.65859450350378e-09
194,2.61638763931684e-09
195,2.51666888829789e-09
196,2.4806654122064e-09
197,2.45443145093953e-09
198,2.36916547866573e-09
199,2.30299008154036e-09
200,2.24810266365827e-09
201,2.24084078199797e-09
202,2.16784142212666e-09
203,2.11368523536994e-09
204,2.0975087525363e-09
205,2.07045066712358e-09
206,2.03185844430319e-09
207,1.97838075884985e-09
208,1.94023539692701e-09
209,1.86831220476104e-09
210,1.80841085675474e-09
211,1.78774289140387e-09
212,1.76203573604354e-09
213,1.68445026853061e-09
214,1.6643280009499e-09
215,1.62327058663933e-09
216,1.59324672161205e-09
217,1.54741335213137e-09
218,1.51758972094184e-09
219,1.47421354663796e-09
220,1.46032280783467e-09
221,1.4239389942171e-09
222,1.36790310616109e-09
223,1.32354898591171e-09
224,1.30208499768526e-09
225,1.27085596857462e-09
226,1.27021222048532e-09
227,1.20333443250207e-09
228,1.16535836003412e-09
229,1.14691781727449e-09
230,1.10240213941567e-09
231,1.05507820017833e-09
232,1.01595514016582e-09
233,9.81374221723071e-10
234,9.42419507736418e-10
235,9.32591682115238e-10
236,9.14470278611917e-10
237,8.87387497694215e-10
238,8.62799400219416e-10
239,8.26051219989498e-10
240,7.80485310474911e-10
241,7.52236371773788e-10
242,7.42428446122496e-10
243,7.13998446299188e-10
244,7.02274412387592e-10
245,6.59222886580727e-10
246,6.45155871291473e-10
247,6.21741044093987e-10
248,6.18859247394459e-10
249,5.8255924033533e-10
250,5.75078720230424e-10
251,5.52571720758028e-10
252,5.08625519606798e-10
253,4.98004664578588e-10
254,4.84649216447237e-10
255,4.5766622136422e-10
256,4.5154498452943e-10
257,4.26214230051613e-10
258,3.89880694486748e-10
259,3.81229119711118e-10
260,3.60969578971679e-10
261,3.59130807637228e-10
262,3.42904312788403e-10
263,3.18088473628766e-10
264,3.06886305811406e-10
265,2.97708388877278e-10
266,2.94096902088741e-10
267,2.78938813638165e-10
268,2.74025972371779e-10
269,2.58680505363999e-10
270,2.46935096558237e-10
271,2.26936016024296e-10
272,2.21194160282591e-10
273,2.01302878875092e-10
274,1.9277112298322e-10
275,1.84592498525584e-10
276,1.78293332268353e-10
277,1.76344647480778e-10
278,1.71544355799173e-10
279,1.5496898532464e-10
280,1.49997944235301e-10
281,1.49741690755178e-10
282,1.42598962227695e-10
283,1.28132512360059e-10
284,1.22941184818913e-10
285,1.08495118000582e-10
286,1.04766536978416e-10
287,1.01891162246706e-10
288,9.86657572207216e-11
289,9.6031359106153e-11
290,9.22791177592335e-11
291,8.76793027278838e-11
292,8.2107935181787e-11
293,7.87643364734692e-11
294,7.53592220740531e-11
295,7.3524377713308e-11
296,6.88097411732085e-11
297,6.62560914820522e-11
298,5.89360658040253e-11
299,5.45824900993658e-11
300,5.18785658232968e-11
301,4.94900514773555e-11
302,4.60235667612381e-11
303,4.34603059672278e-11
304,4.27034368861284e-11
305,4.17863543456921e-11
306,3.95298455910401e-11
307,3.55464711275964e-11
308,3.43676338274636e-11
309,3.24380959693961e-11
310,2.96465188383411e-11
311,2.91448982203469e-11
312,2.61299527826916e-11
313,2.56915116067722e-11
314,2.33795483787251e-11
315,2.30388250444978e-11
316,2.19071472441598e-11
317,2.12240495926647e-11
318,2.02231165759788e-11
319,1.77000551784258e-11
320,1.7011456060775e-11
321,1.6355742984682e-11
322,1.56962521381016e-11
323,1.50881393037252e-11
324,1.42449749640698e-11
325,1.31135402908767e-11
326,1.22144819220069e-11
327,1.21139382599504e-11
328,1.19360272861545e-11
329,1.01323182122037e-11
330,9.37733670357009e-12
331,8.54165566521426e-12
332,8.37741051726525e-12
333,8.03867634305551e-12
334,7.48783793390596e-12
335,7.08619666236742e-12
336,6.47297467237579e-12
337,6.28023133795659e-12
338,5.9908091321301e-12
339,5.53462010409819e-12
340,5.36369689989554e-12
341,4.76641676177909e-12
342,4.72505640734266e-12
343,4.43963750204328e-12
344,4.24056161078228e-12
345,3.73368579854681e-12
346,3.69149763010978e-12
347,3.28231449698256e-12
348,3.21892004166452e-12
349,3.18204857637556e-12
350,2.93252806353509e-12
351,2.67323108768982e-12
352,2.48362106877719e-12
353,2.24819680812466e-12
354,2.08587650421065e-12
355,1.97038145466239e-12
356,1.95818821562907e-12
357,1.91414110983077e-12
358,1.72300496155064e-12
359,1.64924707262533e-12
360,1.53582645801458e-12
361,1.42480585513083e-12
362,1.38289766726564e-12
363,1.31472780191965e-12
364,1.16544870101512e-12
365,1.11111936619823e-12
366,1.04205118769065e-12
367,9.94565484879577e-13
368,9.20325586697423e-13
369,8.99057276883873e-13
370,8.06520299698454e-13
371,7.41681760450868e-13
372,7.01617172831222e-13
373,6.59932367023643e-13
374,6.10486299999192e-13
375,5.76332917074114e-13
376,5.58186558209391e-13
377,5.07396208398974e-13
378,4.82804206542634e-13
379,4.78976453744032e-13
380,4.26326710167151e-13
381,4.07456223373373e-13
382,3.69691297285991e-13
383,3.43312242012858e-13
384,3.18923981723773e-13
385,2.99657473772364e-13
386,2.82024980218879e-13
387,2.60838982752938e-13
388,2.452694980665e-13
389,2.30687895198344e-13
390,2.20439861257863e-13
391,2.03165510356838e-13
392,1.871269274632e-13
393,1.7927262851587e-13
394,1.70927592357178e-13
395,1.54452074822576e-13
396,1.47021307636852e-13
397,1.3302982139704e-13
398,1.27917306251043e-13
399,1.21351285049684e-13
400,1.11969135282025e-13
401,1.09074148296419e-13
402,1.00915380220821e-13
403,9.33279697963003e-14
404,8.78176321608268e-14
405,8.73979091359249e-14
406,8.183686120297e-14
407,7.334601639339e-14
408,6.95698316247076e-14
409,6.86087859834673e-14
410,5.85704337207836e-14
411,5.29190869587704e-14
412,4.84729328633091e-14
413,4.61383384944734e-14
414,4.21579178175696e-14
415,4.08319006699127e-14
416,4.01952374527218e-14
417,3.75455580760867e-14
418,3.53430602739272e-14
419,3.24819761983511e-14
420,3.12279676749384e-14
421,2.79182686934332e-14
422,2.71419427035099e-14
423,2.52335640968569e-14
424,2.166404492417e-14
425,1.98602813480537e-14
426,1.97838188176627e-14
427,1.85441892774416e-14
428,1.76572409650881e-14
429,1.65582932381465e-14
430,1.45911623383063e-14
431,1.37539888790481e-14
432,1.28036415681743e-14
433,1.21893438345071e-14
434,1.17561624867101e-14
435,1.09265006595464e-14
436,1.02880756258452e-14
437,9.82451268725017e-15
438,9.09629949286692e-15
439,9.00303452180873e-15
440,8.00518828610082e-15
441,7.7889140699073e-15
442,6.37253634692297e-15
443,6.1756217707315e-15
444,5.7131193345446e-15
445,5.29344488758348e-15
446,4.82723550005493e-15
447,4.54160828328912e-15
448,4.32278142231357e-15
449,4.1236336134661e-15
450,3.79425160508687e-15
451,3.63782452622237e-15
452,3.48680136590461e-15
453,3.14375218916242e-15
454,2.97226763649031e-15
455,2.89542834580253e-15
456,2.80638255106335e-15
457,2.56019678196386e-15
458,2.40306083424646e-15
459,2.11919383007065e-15
460,1.86858291800685e-15
461,1.84710536945436e-15
462,1.78777452259627e-15
463,1.4860820511378e-15
464,1.38567143217405e-15
465,1.38186038251737e-15
466,1.31245882596851e-15
467,1.15875902441315e-15
468,1.13266532732808e-15
469,1.10514508841065e-15
470,9.85497929029779e-16
471,9.68296782272923e-16
472,8.57589373678777e-16
473,7.87635495458704e-16
474,7.32955095964727e-16
475,6.5203796312065e-16
476,6.34456005823411e-16
477,6.0232696424154e-16
478,5.48212494681491e-16
479,4.79830606877605e-16
480,4.53351173896991e-16
481,4.45461433154776e-16
482,4.00209760903688e-16
483,3.83845158540973e-16
484,3.72161357600807e-16
485,3.29672663315642e-16
486,3.25638985047543e-16
487,3.10405578269585e-16
488,2.93147653387514e-16
489,2.57652424451122e-16
490,2.54572140702313e-16
491,2.36971420496321e-16
492,2.12126508911677e-16
493,2.04283155838727e-16
494,1.86079262429778e-16
495,1.75712283395283e-16
496,1.55612637183006e-16
497,1.48545718775491e-16
498,1.44648444440243e-16
499,1.3963614377679e-16
500,1.20118705777786e-16
501,1.13696618567003e-16
502,1.03563627369929e-16
503,1.01149569513995e-16
504,9.60590121727303e-17
505,8.75559374163624e-17
506,8.17680526230437e-17
507,7.08776638876071e-17
508,6.52415115420614e-17
509,5.78974862023816e-17
510,5.51840104422819e-17
511,5.25048578108418e-17
512,4.65943306983272e-17
513,4.55583685680826e-17
514,4.40681041243417e-17
515,4.16837559657656e-17
516,3.80044520285715e-17
517,3.65552508164384e-17
518,3.20947026677574e-17
519,3.06775599716286e-17
520,2.88157712729859e-17
521,2.72313688271555e-17
522,2.58830238167336e-17
523,2.47761524002666e-17
524,2.23414777878151e-17
525,2.09295807878655e-17
526,2.05959036572262e-17
527,1.6844539470027e-17
528,1.62659775477169e-17
529,1.50095617761077e-17
530,1.45973665860149e-17
531,1.26136512865126e-17
532,1.240706708758e-17
533,1.16662647805779e-17
534,1.10987877857588e-17
535,1.02008160884097e-17
536,9.14950636999371e-18
537,8.92894657769348e-18
538,8.35956763601468e-18
539,8.22773924873103e-18
540,7.94592538698364e-18
541,6.92424714018925e-18
542,6.57233722618658e-18
543,5.91234717075473e-18
544,5.02726112903055e-18
545,4.65469039170819e-18
546,4.37752737667419e-18
547,4.07721003756505e-18
548,3.89355839198664e-18
549,3.66191920046652e-18
550,3.37383745028942e-18
551,3.12124304313739e-18
552,2.94543845618264e-18
553,2.72199234645081e-18
554,2.44441716259587e-18
555,2.30434382584612e-18
556,2.29617023095001e-18
557,2.0935752482944e-18
558,1.97873520608074e-18
559,1.89324057664474e-18
560,1.80329497032643e-18
561,1.56156783262941e-18
562,1.4507853030104e-18
563,1.25767017337837e-18
564,1.16437099782044e-18
565,1.11815794469468e-18
566,1.0601925047314e-18
567,1.0049203412591e-18
568,9.22202333878199e-19
569,8.62476985098816e-19
570,8.16782017752156e-19
571,7.36552997652426e-19
572,7.24219277268746e-19
573,6.54111714474318e-19
574,6.44474098492944e-19
575,5.7823435345625e-19
576,5.49789413907201e-19
577,5.3425056029542e-19
578,5.07493913098747e-19
579,4.38972991770855e-19
580,4.15776705284933e-19
581,3.84300091887032e-19
582,3.61577077130155e-19
583,3.16145749018439e-19
584,3.02502248841356e-19
585,2.93247716136181e-19
586,2.4873498801632e-19
587,2.36055756602266e-19
588,2.25057574250219e-19
589,2.17378114045904e-19
590,2.01299826420115e-19
591,1.82559024660721e-19
592,1.6349864638459e-19
593,1.51866203520383e-19
594,1.39839779733225e-19
595,1.36383407110761e-19
596,1.2816064118416e-19
597,1.17848637888165e-19
598,1.13401507016793e-19
599,1.05306263382233e-19
600,8.89149012081757e-20
601,8.45899271533115e-20
602,8.17628946077438e-20
603,7.53770652892863e-20
604,7.11066356321851e-20
605,6.46600487581485e-20
606,6.10960758798168e-20
607,5.37087658241143e-20
608,5.05219208458857e-20
609,4.65144964403643e-20
610,4.54286670498429e-20
611,4.32393428846166e-20
612,4.09006490512714e-20
613,3.76785385541507e-20
614,3.52388614763173e-20
615,3.25296876116227e-20
616,3.05022580286214e-20
617,2.88817660853292e-20
618,2.5668419533732e-20
619,2.38933657025465e-20
620,2.35063445043051e-20
621,2.22102061808874e-20
622,1.8812377068723e-20
623,1.77941394459406e-20
624,1.61530931398065e-20
625,1.48198654713063e-20
626,1.46801739516295e-20
627,1.38440605171657e-20
628,1.21164717461335e-20
629,1.20277649641954e-20
630,1.13693299315729e-20
631,1.07847590704661e-20
632,9.13773231811424e-21
633,8.35438414037317e-21
634,7.89755768663813e-21
635,7.2671244626522e-21
636,6.73440530222459e-21
637,6.5044876964089e-21
638,5.23757309328347e-21
639,5.12116811236074e-21
640,5.11669438758671e-21
641,5.09918106157284e-21
642,4.52106828055697e-21
643,4.32767987194353e-21
644,3.81530756906207e-21
645,3.64985473521239e-21
646,3.30842296582503e-21
647,3.30253840132663e-21
648,3.07972940645073e-21
649,2.81115756319143e-21
650,2.7494874730836e-21
651,2.35544798377263e-21
652,2.12342263262006e-21
653,2.02321513849132e-21
654,1.92936429367909e-21
655,1.92211807721664e-21
656,1.72639982944562e-21
657,1.67367948838559e-21
658,1.4904152743989e-21
659,1.3153073048931e-21
660,1.16170155895042e-21
661,1.09450547673246e-21
662,1.00681210166604e-21
663,9.06360086785923e-22
664,8.65274490780508e-22
665,8.59759731033822e-22
666,7.55171278425606e-22
667,6.95330864294622e-22
668,6.81230934023506e-22
669,5.85410627919086e-22
670,5.6248565860596e-22
671,4.86272726017407e-22
672,4.77061612883619e-22
673,4.71937315779229e-22
674,4.70476650403455e-22
675,4.6361393930408e-22
676,4.04781668447207e-22
677,3.30806637673432e-22
678,2.76164191494195e-22
679,2.6694181099908e-22
680,2.48870641503711e-22
681,2.48384414695006e-22
682,2.37239070020744e-22
683,2.30147497880921e-22
684,2.1127312768523e-22
685,1.86521944285824e-22
686,1.57782778221835e-22
687,1.524839975074e-22
688,1.36576667447732e-22
689,1.35302509756398e-22
690,1.26918571641861e-22
691,1.26820837989222e-22
692,1.09559007800163e-22
693,1.01105625924593e-22
694,9.60497215441445e-23
695,9.40774952026662e-23
696,9.32777456534278e-23
697,9.20808851826997e-23
698,9.03994593290794e-23
699,8.99868853667031e-23
700,8.53713836739815e-23
701,8.53121861018056e-23
702,8.49212258993766e-23
703,8.47373639054719e-23
704,8.39104124816294e-23
705,7.84428416994168e-23
706,7.62369025964526e-23
707,7.52479045013731e-23
708,7.51286055673669e-23
709,7.4781979295368e-23
710,7.28754948646e-23
711,7.23936025965721e-23
712,7.1158439958046e-23
713,7.09088060872355e-23
714,6.84434346645132e-23
715,6.81038465325533e-23
716,6.7122204812688e-23
717,6.69217568981187e-23
718,6.66950291477448e-23
719,6.64427479718729e-23
720,6.51627523966252e-23
721,6.40359310982185e-23
722,6.37357272812947e-23
723,6.36662303435185e-23
724,6.33554379658297e-23
725,6.20936127425433e-23
726,6.18564373235074e-23
727,6.18182315013292e-23
728,6.07447145265209e-23
729,6.05451288964904e-23
730,6.02827134632781e-23
731,5.99783914445542e-23
732,5.83053846665939e-23
733,5.78516763888562e-23
734,5.70271455779546e-23
735,5.6689511782718e-23
736,5.62413775296689e-23
737,5.57667377960809e-23
738,5.56873488521556e-23
739,5.52020765229927e-23
740,5.51717632576874e-23
741,5.46061494080871e-23
742,5.44741080489358e-23
743,5.36725582523163e-23
744,5.34220434693153e-23
745,5.21719206572103e-23
746,5.10598805457287e-23
747,5.05773445766681e-23
748,5.02028725767342e-23
749,5.01676143976963e-23
750,4.93269889483736e-23
751,4.91656204597986e-23
752,4.90505023782109e-23
753,4.89615801308665e-23
754,4.88967552136586e-23
755,4.83352072266847e-23
756,4.83038293874797e-23
757,4.77558521967516e-23
758,4.67381711555323e-23
759,4.64677934218103e-23
760,4.61959541816835e-23
761,4.58537660569267e-23
762,4.5714250042463e-23
763,4.43982890891065e-23
764,4.41276219159749e-23
765,4.40785433600502e-23
766,4.40721738106809e-23
767,4.37316132253962e-23
768,4.35019449639359e-23
769,4.30054850297404e-23
770,4.24433530499422e-23
771,4.2401315428885e-23
772,4.23693490605343e-23
773,4.21952095205379e-23
774,4.19847174717627e-23
775,4.14425496252797e-23
776,4.14202709906356e-23
777,4.12649538395467e-23
778,4.07269986706435e-23
779,4.00372030864049e-23
780,3.9998726801332e-23
781,3.98374717491648e-23
782,3.97594408123334e-23
783,3.94330995317607e-23
784,3.86587699210521e-23
785,3.84708009327495e-23
786,3.78243977892843e-23
787,3.75893963039633e-23
788,3.7503168278174e-23
789,3.66318306842842e-23
790,3.64237747081566e-23
791,3.63830541846005e-23
792,3.63507397638863e-23
793,3.61587280069967e-23
794,3.60448404350028e-23
795,3.55012856155906e-23
796,3.54619291074105e-23
797,3.53180992587298e-23
798,3.52449466181938e-23
799,3.42928599348104e-23
800,3.39009251378088e-23
801,3.33722512101669e-23
802,3.32932585073947e-23
803,3.28930333302583e-23
804,3.28819332756533e-23
805,3.27160890927704e-23
806,3.24033714401961e-23
807,3.23442223812115e-23
808,3.22713862961089e-23
809,3.17333462632955e-23
810,3.15076726108221e-23
811,3.13476118591956e-23
812,3.11599865590117e-23
813,3.08898852245926e-23
814,3.05939350785375e-23
815,3.0310051827895e-23
816,3.02001104593873e-23
817,3.01825403690033e-23
818,3.00077207538666e-23
819,2.9978720129157e-23
820,2.97423399714468e-23
821,2.95121584785477e-23
822,2.88774169381227e-23
823,2.88193901274844e-23
824,2.87192380245566e-23
825,2.83255097582159e-23
826,2.82450145569182e-23
827,2.82277417131039e-23
828,2.81306363099213e-23
829,2.81253442880213e-23
830,2.76381874796484e-23
831,2.75262172870562e-23
832,2.70119853675345e-23
833,2.69502369807485e-23
834,2.66793620445575e-23
835,2.65894604318608e-23
836,2.62028259427987e-23
837,2.6139005448731e-23
838,2.60724431839393e-23
839,2.58283297321252e-23
840,2.58253451022168e-23
841,2.56831598391089e-23
842,2.55257788748424e-23
843,2.54902854991984e-23
844,2.5076310529413e-23
845,2.49344631455197e-23
846,2.48177452254372e-23
847,2.46350904697642e-23
848,2.44215651086886e-23
849,2.43314088785763e-23
850,2.43158781125851e-23
851,2.39357290619788e-23
852,2.38992390711491e-23
853,2.38249127770925e-23
854,2.36474929745873e-23
855,2.34881214981258e-23
856,2.3382912822508e-23
857,2.32235990664946e-23
858,2.29759630820546e-23
859,2.26167073207335e-23
860,2.25769215832452e-23
861,2.23370940015239e-23
862,2.22845903454228e-23
863,2.22474671597122e-23
864,2.22233735253876e-23
865,2.2195837476794e-23
866,2.21720219282637e-23
867,2.21351945562139e-23
868,2.20145796009129e-23
869,2.18619466101246e-23
870,2.16426909573623e-23
871,2.1477303654814e-23
872,2.13223320442244e-23
873,2.13155290842179e-23
874,2.12173511120505e-23
875,2.09836225038895e-23
876,2.0949631499609e-23
877,2.08452578566995e-23
878,2.03930305670582e-23
879,2.02690612014996e-23
880,2.02343403944333e-23
881,2.01944605592334e-23
882,2.01783765817445e-23
883,2.01309580982682e-23
884,2.00911871122876e-23
885,2.00707441949407e-23
886,1.97818626888851e-23
887,1.94003585467071e-23
888,1.93920206427709e-23
889,1.932612152989e-23
890,1.92434692877286e-23
891,1.89322244517675e-23
892,1.88627825668642e-23
893,1.8770507716103e-23
894,1.87431436640136e-23
895,1.84200966573794e-23
896,1.82681404740165e-23
897,1.81126629138603e-23
898,1.80827999508482e-23
899,1.79846145187395e-23
900,1.79525849643071e-23
901,1.79519885576289e-23
902,1.79152947894189e-23
903,1.7882768383974e-23
904,1.78449595462442e-23
905,1.77546102855173e-23
906,1.76603748198764e-23
907,1.73752716299031e-23
908,1.73676276074163e-23
909,1.73666461562976e-23
910,1.73563353607982e-23
911,1.72854327114479e-23
912,1.72018451019548e-23
913,1.70717602746695e-23
914,1.68759901771989e-23
915,1.67796569659776e-23
916,1.66906481532714e-23
917,1.66272935900402e-23
918,1.6544005724463e-23
919,1.63444909133484e-23
920,1.63024620721175e-23
921,1.6263336920755e-23
922,1.61616169906177e-23
923,1.61317836522276e-23
924,1.61053061318398e-23
925,1.60177088298113e-23
926,1.58362789050777e-23
927,1.56394991267064e-23
928,1.56326041440986e-23
929,1.5573522230609e-23
930,1.55714726302574e-23
931,1.55035986728286e-23
932,1.54398413126901e-23
933,1.5426655945478e-23
934,1.53096271610515e-23
935,1.52791289215542e-23
936,1.51853077871545e-23
937,1.51366815029296e-23
938,1.50763153809185e-23
939,1.50370309112319e-23
940,1.50268747471092e-23
941,1.4831956669272e-23
942,1.46322777965016e-23
943,1.45846801870665e-23
944,1.45531703393491e-23
945,1.45325160785213e-23
946,1.4364267937758e-23
947,1.43570858307234e-23
948,1.4298331437947e-23
949,1.42940007806044e-23
950,1.42848188095326e-23
951,1.42637441575945e-23
952,1.41895516020632e-23
953,1.40032402857905e-23
954,1.39340941814616e-23
955,1.39159761603024e-23
956,1.38536529052124e-23
957,1.3784100330452e-23
958,1.36706216317096e-23
959,1.34848659906617e-23
960,1.32059591967692e-23
961,1.32025463195148e-23
962,1.31002734855789e-23
963,1.30082184137609e-23
964,1.29898914146588e-23
965,1.29685446440591e-23
966,1.29367824205281e-23
967,1.29165815655598e-23
968,1.29123310849934e-23
969,1.28308744231248e-23
970,1.2760498806162e-23
971,1.26805727111556e-23
972,1.26491568183902e-23
973,1.26458254660862e-23
974,1.26328152296157e-23
975,1.25379877509185e-23
976,1.25218645782406e-23
977,1.25025150346721e-23
978,1.2327420463368e-23
979,1.23094624534788e-23
980,1.22798426969275e-23
981,1.22052571134728e-23
982,1.1736578324283e-23
983,1.17181619722485e-23
984,1.16850506732229e-23
985,1.16824658816272e-23
986,1.16365888684408e-23
987,1.16149067948388e-23
988,1.15999043283358e-23
989,1.15893130688873e-23
990,1.15289977110439e-23
991,1.13556369742123e-23
992,1.13401708933189e-23
993,1.12581081367037e-23
994,1.11950819884719e-23
995,1.11196389311167e-23
996,1.10924560522315e-23
997,1.10768470034472e-23
998,1.10202769891895e-23
999,1.06458004511436e-23
1000,1.05350798224742e-23
1001,1.05210087288089e-23
1002,1.04827979883327e-23
1003,1.04762400605852e-23
1004,1.04371773739602e-23
1005,1.04207748560202e-23
1006,1.03427692030652e-23
1007,1.02960743492283e-23
1008,1.02910195710613e-23
1009,1.02294593835859e-23
1010,1.01024477023911e-23
1011,1.00986265919031e-23
1012,9.9155999070147e-24
1013,9.87687650530673e-24
1014,9.85266681847208e-24
1015,9.8361858838504e-24
1016,9.81877012611297e-24
1017,9.80202892344312e-24
1018,9.76443437582535e-24
1019,9.75020263787904e-24
1020,9.7402254792744e-24
1021,9.68584870072319e-24
1022,9.68406093114825e-24
1023,9.62600850902934e-24
1024,9.62004110174001e-24
1025,9.50121632210066e-24
1026,9.46311004849201e-24
1027,9.4286551739071e-24
1028,9.39753901935197e-24
1029,9.39049303320025e-24
1030,9.37820408948675e-24
1031,9.29579448968202e-24
1032,9.19546776175988e-24
1033,9.11951455171321e-24
1034,9.11397442391836e-24
1035,9.08519980593982e-24
1036,9.0668558551602e-24
1037,9.04999428723689e-24
1038,9.03153541595103e-24
1039,9.03065096259233e-24
1040,9.00931406987125e-24
1041,8.97745679322993e-24
1042,8.95153081538792e-24
1043,8.87802285108296e-24
1044,8.85976118500988e-24
1045,8.75739992075124e-24
1046,8.67861500558994e-24
1047,8.63001794484894e-24
1048,8.62855871137372e-24
1049,8.62741384803026e-24
1050,8.44519301281341e-24
1051,8.42631248880491e-24
1052,8.36385082232402e-24
1053,8.2274574763902e-24
1054,8.21153252945891e-24
1055,8.19501602001391e-24
1056,8.17512291106388e-24
1057,8.16590117328071e-24
1058,8.15624203009145e-24
1059,8.08940229616785e-24
1060,8.07689599151829e-24
1061,8.05306940029091e-24
1062,8.0507386699787e-24
1063,7.97874897204947e-24
1064,7.96668513329385e-24
1065,7.92924963810152e-24
1066,7.91602453613847e-24
1067,7.73734753858727e-24
1068,7.72984832418599e-24
1069,7.7217790657505e-24
1070,7.67712404332053e-24
1071,7.58376745672095e-24
1072,7.56095223078978e-24
1073,7.55510331351919e-24
1074,7.53380386901725e-24
1075,7.50250213118745e-24
1076,7.49625378548156e-24
1077,7.49326473493195e-24
1078,7.46290059593669e-24
1079,7.44478717992444e-24
1080,7.42848987136333e-24
1081,7.41506833609825e-24
1082,7.40251402713228e-24
1083,7.34766976764224e-24
1084,7.3330849425606e-24
1085,7.25552531560666e-24
1086,7.19599588937105e-24
1087,7.15020752309001e-24
1088,7.09180892073542e-24
1089,7.03718600549302e-24
1090,7.01284928640243e-24
1091,7.00503009276664e-24
1092,6.9709320735471e-24
1093,6.96508809999247e-24
1094,6.95320262410705e-24
1095,6.95015681774787e-24
1096,6.94354941548621e-24
1097,6.92838149912072e-24
1098,6.89389450057483e-24
1099,6.88593735670406e-24
1100,6.82071839875427e-24
1101,6.81658757927971e-24
1102,6.80060706068859e-24
1103,6.79149751277674e-24
1104,6.72875939137229e-24
1105,6.71639819714626e-24
1106,6.70105247877089e-24
1107,6.59236598547687e-24
1108,6.46297604688001e-24
1109,6.41002234487574e-24
1110,6.40067479688436e-24
1111,6.38527023658513e-24
1112,6.36382453226085e-24
1113,6.35277984081993e-24
1114,6.34965312151973e-24
1115,6.33030458791076e-24
1116,6.31398658138882e-24
1117,6.30026029890366e-24
1118,6.29275594056989e-24
1119,6.2016590350283e-24
1120,6.16629060824076e-24
1121,6.13755505395009e-24
1122,6.13675135117024e-24
1123,6.13611875500501e-24
1124,6.12206550823496e-24
1125,6.10563124891653e-24
1126,6.08999307555481e-24
1127,6.03968181340342e-24
1128,6.0338158941574e-24
1129,6.03065328341776e-24
1130,6.00131221725469e-24
1131,5.96911057699889e-24
1132,5.9472659846322e-24
1133,5.94560355684435e-24
1134,5.85068151449207e-24
1135,5.84734537244244e-24
1136,5.82576906896211e-24
1137,5.77458852661561e-24
1138,5.74084917414213e-24
1139,5.71154768437285e-24
1140,5.70343458141357e-24
1141,5.69202039076047e-24
1142,5.65036788055163e-24
1143,5.64410733052195e-24
1144,5.64302758212011e-24
1145,5.6295457898344e-24
1146,5.61070920281399e-24
1147,5.56246026620247e-24
1148,5.5415476205307e-24
1149,5.51124619793833e-24
1150,5.49072767490585e-24
1151,5.48546142677791e-24
1152,5.48216812269923e-24
1153,5.40380385559849e-24
1154,5.39214563960886e-24
1155,5.38779112312949e-24
1156,5.36704850053052e-24
1157,5.35284797250473e-24
1158,5.28784427691509e-24
1159,5.26018143327875e-24
1160,5.25068663498819e-24
1161,5.24648564270709e-24
1162,5.23645602338099e-24
1163,5.1664581014344e-24
1164,5.16107800885892e-24
1165,5.15006122323376e-24
1166,5.14444275192668e-24
1167,5.138801807303e-24
1168,5.13392158841957e-24
1169,5.10976584011618e-24
1170,5.10318210654141e-24
1171,5.09613824355468e-24
1172,5.05634110542277e-24
1173,5.05501368937122e-24
1174,5.00491999731156e-24
1175,4.91768763664213e-24
1176,4.90222277601706e-24
1177,4.88751040788881e-24
1178,4.82938640825615e-24
1179,4.80370102991588e-24
1180,4.78974649139974e-24
1181,4.77885922835268e-24
1182,4.75698497626604e-24
1183,4.75491415734491e-24
1184,4.75106532710003e-24
1185,4.74452982158665e-24
1186,4.7126504961487e-24
1187,4.69082906138653e-24
1188,4.68704182129304e-24
1189,4.67504610407234e-24
1190,4.62939128061735e-24
1191,4.61264265376734e-24
1192,4.59091099048189e-24
1193,4.58800548725156e-24
1194,4.58550446872617e-24
1195,4.58371129948528e-24
1196,4.55526842394127e-24
1197,4.53174114460918e-24
1198,4.49415353939652e-24
1199,4.48731466365045e-24
1200,4.48005757823312e-24
1201,4.44732503638296e-24
1202,4.4442552595935e-24
1203,4.43997753490195e-24
1204,4.41958405026495e-24
1205,4.41820006457155e-24
1206,4.39912454747826e-24
1207,4.38232865311952e-24
1208,4.33333730783066e-24
1209,4.32607918357355e-24
1210,4.26799543620612e-24
1211,4.26273866652494e-24
1212,4.262493533543e-24
1213,4.24480730951794e-24
1214,4.24392730770945e-24
1215,4.2394566951469e-24
1216,4.2218328835436e-24
1217,4.21604164640103e-24
1218,4.20946806440431e-24
1219,4.20699040142547e-24
1220,4.18485383533075e-24
1221,4.16441238471632e-24
1222,4.16043413430277e-24
1223,4.15446053893594e-24
1224,4.15268611741962e-24
1225,4.13186204193333e-24
1226,4.10814387785176e-24
1227,4.09101582317338e-24
1228,4.06949817206814e-24
1229,4.01311443819818e-24
1230,3.98929179891218e-24
1231,3.98485154915148e-24
1232,3.97170963285462e-24
1233,3.91715635643797e-24
1234,3.91478042287808e-24
1235,3.89972915199888e-24
1236,3.89704409597043e-24
1237,3.89090846960073e-24
1238,3.88110007735303e-24
1239,3.84250090122719e-24
1240,3.81065046376715e-24
1241,3.78674164575656e-24
1242,3.77451981128833e-24
1243,3.76238015718181e-24
1244,3.75325626503031e-24
1245,3.74992779428596e-24
1246,3.74008574931387e-24
1247,3.72990760315742e-24
1248,3.71782412594609e-24
1249,3.65778744214914e-24
1250,3.65363317414035e-24
1251,3.62041931606533e-24
1252,3.61901755854098e-24
1253,3.60296379716002e-24
1254,3.60110001575178e-24
1255,3.59434411914644e-24
1256,3.59310419233114e-24
1257,3.56079697249536e-24
1258,3.55360324905782e-24
1259,3.54883642106495e-24
1260,3.54009062310717e-24
1261,3.53297647949443e-24
1262,3.47878844867627e-24
1263,3.47694335486625e-24
1264,3.47458609357418e-24
1265,3.45381721352552e-24
1266,3.44899075660845e-24
1267,3.43258204677245e-24
1268,3.43129741596213e-24
1269,3.4212837462139e-24
1270,3.41562005109113e-24
1271,3.39080605721466e-24
1272,3.38255898923629e-24
1273,3.37876975233627e-24
1274,3.36557946732163e-24
1275,3.35801634461161e-24
1276,3.33633064160934e-24
1277,3.33364369797491e-24
1278,3.32724197434869e-24
1279,3.32414327017228e-24
1280,3.30986725933364e-24
1281,3.29906358915079e-24
1282,3.27521739043089e-24
1283,3.26566147466396e-24
1284,3.21294105645253e-24
1285,3.19268022383466e-24
1286,3.1861468555254e-24
1287,3.17828327739337e-24
1288,3.16543902758076e-24
1289,3.15915971208122e-24
1290,3.15196827028385e-24
1291,3.1503777997666e-24
1292,3.13466114788426e-24
1293,3.12601410933603e-24
1294,3.03774396761754e-24
1295,3.00905168725876e-24
1296,3.00813368616897e-24
1297,3.00444775283184e-24
1298,2.99747039835226e-24
1299,2.99301168266345e-24
1300,2.97890839785094e-24
1301,2.96480271091663e-24
1302,2.95168704080395e-24
1303,2.91115369802377e-24
1304,2.89549673052435e-24
1305,2.88769414733856e-24
1306,2.88617706442821e-24
1307,2.87715148108562e-24
1308,2.86954108538456e-24
1309,2.86486582706219e-24
1310,2.86360123090825e-24
1311,2.85519858900036e-24
1312,2.85317484547754e-24
1313,2.83911223989071e-24
1314,2.83290789540187e-24
1315,2.82889860771671e-24
1316,2.78597627236294e-24
1317,2.78377201891241e-24
1318,2.77876569745291e-24
1319,2.77411856659052e-24
1320,2.75936221220116e-24
1321,2.75029542628159e-24
1322,2.73533186556607e-24
1323,2.72200383266934e-24
1324,2.7080637509599e-24
1325,2.70053645672467e-24
1326,2.68910622632584e-24
1327,2.68564249151619e-24
1328,2.67927611201479e-24
1329,2.67400626199526e-24
1330,2.66921569302964e-24
1331,2.66437267346776e-24
1332,2.66235519584759e-24
1333,2.66184854389499e-24
1334,2.66078601560826e-24
1335,2.65053473036718e-24
1336,2.63626700615938e-24
1337,2.63132714845757e-24
1338,2.62493007765642e-24
1339,2.60093535540479e-24
1340,2.59304760126164e-24
1341,2.59234053906224e-24
1342,2.5783498891552e-24
1343,2.56601947700429e-24
1344,2.56511980716943e-24
1345,2.55724652370759e-24
1346,2.55522831395655e-24
1347,2.52828772203903e-24
1348,2.51233627059951e-24
1349,2.51193260538534e-24
1350,2.48679890900805e-24
1351,2.45998705238003e-24
1352,2.45995791151945e-24
1353,2.45384711346283e-24
1354,2.42569358893282e-24
1355,2.42463123558977e-24
1356,2.42397566369669e-24
1357,2.42273926667333e-24
1358,2.40519752029881e-24
1359,2.39431346882201e-24
1360,2.39193873380691e-24
1361,2.38484505787456e-24
1362,2.36556775432949e-24
1363,2.36376021054573e-24
1364,2.36298267845316e-24
1365,2.36191284278634e-24
1366,2.35946751421319e-24
1367,2.34458950620121e-24
1368,2.30750051100525e-24
1369,2.30221136368031e-24
1370,2.30185438176312e-24
1371,2.29927873364378e-24
1372,2.29859556947822e-24
1373,2.281051537479e-24
1374,2.27968112234391e-24
1375,2.27314027488115e-24
1376,2.26656280285746e-24
1377,2.26031217639999e-24
1378,2.24747070675638e-24
1379,2.23503063980952e-24
1380,2.21680219242799e-24
1381,2.20736669190015e-24
1382,2.20017600953088e-24
1383,2.1874217925231e-24
1384,2.1799487870571e-24
1385,2.17989148920931e-24
1386,2.17986854021136e-24
1387,2.17913174103999e-24
1388,2.17514064679006e-24
1389,2.1661744191101e-24
1390,2.14812327577385e-24
1391,2.14421726134751e-24
1392,2.12847822915194e-24
1393,2.11350628469634e-24
1394,2.10919579582926e-24
1395,2.10031414551824e-24
1396,2.09944079130304e-24
1397,2.09740346692973e-24
1398,2.07448604863166e-24
1399,2.06893673455696e-24
1400,2.06813640974702e-24
1401,2.03896744653398e-24
1402,2.02548207124961e-24
1403,2.019710996875e-24
1404,2.01591444803337e-24
1405,2.0149664786655e-24
1406,2.00663740620648e-24
1407,2.00078498092349e-24
1408,1.99367755216553e-24
1409,1.97671592893221e-24
1410,1.97477767163039e-24
1411,1.95090559563765e-24
1412,1.94249934728682e-24
1413,1.93462715428466e-24
1414,1.93373853815533e-24
1415,1.93251233078696e-24
1416,1.93177065353247e-24
1417,1.93114520359505e-24
1418,1.92700008063262e-24
1419,1.91920397536277e-24
1420,1.9061558813924e-24
1421,1.90333433390585e-24
1422,1.89918642158108e-24
1423,1.88978421824409e-24
1424,1.87126091818109e-24
1425,1.85985051791397e-24
1426,1.85892951946129e-24
1427,1.85302055758607e-24
1428,1.83837199262177e-24
1429,1.835677772296e-24
1430,1.83562494294267e-24
1431,1.82693509549864e-24
1432,1.82580604013867e-24
1433,1.82072495901839e-24
1434,1.81506802272103e-24
1435,1.81448192952127e-24
1436,1.81260492088316e-24
1437,1.81090525047694e-24
1438,1.80118805437863e-24
1439,1.79118777921211e-24
1440,1.78610231920032e-24
1441,1.77605185894202e-24
1442,1.77125846053791e-24
1443,1.75880198936311e-24
1444,1.7526039037981e-24
1445,1.75185623864566e-24
1446,1.74921768680548e-24
1447,1.74205002951058e-24
1448,1.74129569940767e-24
1449,1.73075870519521e-24
1450,1.72732308117119e-24
1451,1.72280842814793e-24
1452,1.71758376382623e-24
1453,1.70837700241643e-24
1454,1.69292539828877e-24
1455,1.6916809548888e-24
1456,1.68851748035941e-24
1457,1.67794558920795e-24
1458,1.67639894563575e-24
1459,1.66637273331695e-24
1460,1.6533605752399e-24
1461,1.64310471894198e-24
1462,1.63767274551825e-24
1463,1.63733884132308e-24
1464,1.63646485887535e-24
1465,1.631639615145e-24
1466,1.62506896482296e-24
1467,1.61106822719085e-24
1468,1.60753160891344e-24
1469,1.59484870017837e-24
1470,1.59470021932635e-24
1471,1.59381171706898e-24
1472,1.57677626559813e-24
1473,1.57524635932085e-24
1474,1.5745827997849e-24
1475,1.57018033598008e-24
1476,1.56782189214251e-24
1477,1.55878718622221e-24
1478,1.55824571159211e-24
1479,1.55091016588533e-24
1480,1.52293501834691e-24
1481,1.51869541575376e-24
1482,1.51337814594392e-24
1483,1.50834914837673e-24
1484,1.50629086901512e-24
1485,1.49997430723301e-24
1486,1.49683464856698e-24
1487,1.49238866123163e-24
1488,1.49223169122024e-24
1489,1.48896643952199e-24
1490,1.48771299150452e-24
1491,1.47286051012461e-24
1492,1.47009803644679e-24
1493,1.4660785154446e-24
1494,1.46505722418841e-24
1495,1.46147002606928e-24
1496,1.45100029016341e-24
1497,1.44701619578794e-24
1498,1.4465640278617e-24
1499,1.43797976140788e-24
1500,1.43580769516391e-24
1501,1.42254667838989e-24
1502,1.40162676280244e-24
1503,1.3983536633204e-24
1504,1.39550465499646e-24
1505,1.39065039871472e-24
1506,1.39017568734849e-24
1507,1.38962010104592e-24
1508,1.38614784835235e-24
1509,1.38361146525379e-24
1510,1.38251400812802e-24
1511,1.37747241104335e-24
1512,1.37508163876269e-24
1513,1.37033965840243e-24
1514,1.36036792692337e-24
1515,1.34169361651142e-24
1516,1.3390820307435e-24
1517,1.33676230594825e-24
1518,1.33164228794757e-24
1519,1.32391623048119e-24
1520,1.32137227576964e-24
1521,1.32028156738474e-24
1522,1.31739584775122e-24
1523,1.31677690775657e-24
1524,1.31536056549674e-24
1525,1.31365338576882e-24
1526,1.31364285190072e-24
1527,1.30197360726847e-24
1528,1.30113099800576e-24
1529,1.28859514691025e-24
1530,1.27834238907719e-24
1531,1.27161529559956e-24
1532,1.26859135977421e-24
1533,1.26503650590157e-24
1534,1.26277178685196e-24
1535,1.2622378653276e-24
1536,1.25219970548945e-24
1537,1.24006453783809e-24
1538,1.23800493178636e-24
1539,1.23666569846997e-24
1540,1.23165151269263e-24
1541,1.22886183710559e-24
1542,1.22326508254008e-24
1543,1.22117305034051e-24
1544,1.21659421611929e-24
1545,1.20940741011889e-24
1546,1.20190629459312e-24
1547,1.19077069208844e-24
1548,1.19016360226613e-24
1549,1.18523693155985e-24
1550,1.18477249403299e-24
1551,1.18338599817531e-24
1552,1.18181381970387e-24
1553,1.17281466536382e-24
1554,1.17123107799489e-24
1555,1.16582294549689e-24
1556,1.16481131991402e-24
1557,1.16267707773345e-24
1558,1.16169119449156e-24
1559,1.15420618478491e-24
1560,1.15380608375944e-24
1561,1.15342214892421e-24
1562,1.14448619487784e-24
1563,1.14016294580088e-24
1564,1.14011751603209e-24
1565,1.13888909926533e-24
1566,1.13842038805349e-24
1567,1.13823126141468e-24
1568,1.13165541794648e-24
1569,1.11873526918075e-24
1570,1.11820882570325e-24
1571,1.11551401185421e-24
1572,1.09512687543848e-24
1573,1.08975244568112e-24
1574,1.08907261415211e-24
1575,1.08747985084967e-24
1576,1.08332825578441e-24
1577,1.08210122074555e-24
1578,1.07640732927215e-24
1579,1.07622235056038e-24
1580,1.07336307372229e-24
1581,1.06260248686423e-24
1582,1.04427911663035e-24
1583,1.04312944663399e-24
1584,1.04260786030969e-24
1585,1.04203035449256e-24
1586,1.03823199731257e-24
1587,1.03477263276464e-24
1588,1.03164094943965e-24
1589,1.01757474537455e-24
1590,1.01161111813137e-24
1591,1.00755914779654e-24
1592,1.00730571738582e-24
1593,1.00202289988519e-24
1594,9.91558331923346e-25
1595,9.89238089787064e-25
1596,9.86921276014683e-25
1597,9.85267241241132e-25
1598,9.73902673696607e-25
1599,9.73476917773576e-25
1600,9.72658241276967e-25
1601,9.6902266375769e-25
1602,9.65712507234874e-25
1603,9.64599191260209e-25
1604,9.6219590762616e-25
1605,9.61891258228053e-25
1606,9.60169900142226e-25
1607,9.54678423521812e-25
1608,9.54118502839146e-25
1609,9.50920803166061e-25
1610,9.47906393793154e-25
1611,9.47306744934515e-25
1612,9.40659221408163e-25
1613,9.40126452986364e-25
1614,9.37291260393201e-25
1615,9.33723670567872e-25
1616,9.27331875186106e-25
1617,9.14492178943597e-25
1618,9.14457195231679e-25
1619,9.08272819351631e-25
1620,9.02513561445491e-25
1621,9.01123772506364e-25
1622,8.9925929529957e-25
1623,8.92248833882437e-25
1624,8.91028453986215e-25
1625,8.88454838297548e-25
1626,8.80289582558815e-25
1627,8.77078250740284e-25
1628,8.75769555935685e-25
1629,8.71283833209492e-25
1630,8.62395980369518e-25
1631,8.61282771155251e-25
1632,8.58429211684854e-25
1633,8.52624832908544e-25
1634,8.38613895338692e-25
1635,8.33572247457902e-25
1636,8.31285472789489e-25
1637,8.27308486981793e-25
1638,8.25544303469687e-25
1639,8.24477707089799e-25
1640,8.24300838543417e-25
1641,8.22441134941985e-25
1642,8.19058793839754e-25
1643,8.15347134185763e-25
1644,8.13626878994011e-25
1645,8.11178522883339e-25
1646,8.10099943438629e-25
1647,8.07845650778673e-25
1648,8.03261140023831e-25
1649,8.01227923177716e-25
1650,7.88702333618835e-25
1651,7.88511766120205e-25
1652,7.82913985861092e-25
1653,7.78187579024566e-25
1654,7.77142453455211e-25
1655,7.76994635556949e-25
1656,7.72593401601542e-25
1657,7.68719006454481e-25
1658,7.68100953410736e-25
1659,7.67996886552532e-25
1660,7.67336032646885e-25
1661,7.64592507121372e-25
1662,7.63201690337064e-25
1663,7.63129996811502e-25
1664,7.59408128167496e-25
1665,7.55763512874613e-25
1666,7.49392453879616e-25
1667,7.48914625554088e-25
1668,7.46809929969087e-25
1669,7.44225956523321e-25
1670,7.35927077337171e-25
1671,7.30266879815725e-25
1672,7.29468699245735e-25
1673,7.29103117318519e-25
1674,7.28008240030512e-25
1675,7.17902847984722e-25
1676,7.11416272616477e-25
1677,7.10287766620396e-25
1678,7.09507311326384e-25
1679,7.08889139455073e-25
1680,7.07003226925766e-25
1681,7.02406703757592e-25
1682,6.99197685836725e-25
1683,6.97913133341578e-25
1684,6.95189504175658e-25
1685,6.94895840715296e-25
1686,6.9486616808177e-25
1687,6.885467569345e-25
1688,6.8772686530153e-25
1689,6.7442590276357e-25
1690,6.71599903297027e-25
1691,6.71521529966547e-25
1692,6.68298940457931e-25
1693,6.65429052069668e-25
1694,6.60832369373223e-25
1695,6.59515885752497e-25
1696,6.57821047485623e-25
1697,6.49535289654734e-25
1698,6.46435080934827e-25
1699,6.45038141948634e-25
1700,6.42645501369692e-25
1701,6.38299104990964e-25
1702,6.37037948687975e-25
1703,6.34631991291589e-25
1704,6.27580149975697e-25
1705,6.26468612486987e-25
1706,6.25935473127383e-25
1707,6.23005855323562e-25
1708,6.2275237510985e-25
1709,6.21483851298911e-25
1710,6.20575174036317e-25
1711,6.18495313890604e-25
1712,6.15060371957424e-25
1713,6.08894041037533e-25
1714,6.08193195853664e-25
1715,6.04188635093076e-25
1716,6.02474070546548e-25
1717,5.8780205625521e-25
1718,5.87456191096012e-25
1719,5.84270757937706e-25
1720,5.84047811603088e-25
1721,5.80576548372612e-25
1722,5.79062320450327e-25
1723,5.78192416898648e-25
1724,5.7465732849959e-25
1725,5.74554654274099e-25
1726,5.70316833976988e-25
1727,5.68368218612136e-25
1728,5.64089157204419e-25
1729,5.62478868560845e-25
1730,5.61629655415592e-25
1731,5.57209336236033e-25
1732,5.56516173637195e-25
1733,5.47774271261815e-25
1734,5.46054654338515e-25
1735,5.43652171087994e-25
1736,5.41981362746097e-25
1737,5.37551786697116e-25
1738,5.34117491455116e-25
1739,5.33275263840848e-25
1740,5.32808950400091e-25
1741,5.27369941974135e-25
1742,5.23576455864538e-25
1743,5.22193544557222e-25
1744,5.19552161812451e-25
1745,5.19173965379833e-25
1746,5.17309890084131e-25
1747,5.16760089308008e-25
1748,5.12025554071893e-25
1749,5.08837871728806e-25
1750,5.07934485419323e-25
1751,5.06754758396293e-25
1752,5.04974420011564e-25
1753,5.01219424538831e-25
1754,5.00157318490305e-25
1755,4.96690219425619e-25
1756,4.94942136507187e-25
1757,4.94422138705936e-25
1758,4.91961833402383e-25
1759,4.88133390666398e-25
1760,4.87756967374e-25
1761,4.84074176818067e-25
1762,4.83028299735506e-25
1763,4.82248077963699e-25
1764,4.78992312025715e-25
1765,4.77645796303854e-25
1766,4.67004555432607e-25
1767,4.60418713418591e-25
1768,4.5866999122325e-25
1769,4.5756045744619e-25
1770,4.56206107730936e-25
1771,4.55763680901827e-25
1772,4.5444600167607e-25
1773,4.54181292062378e-25
1774,4.50397332741533e-25
1775,4.48294521654717e-25
1776,4.45708355684686e-25
1777,4.43499614068376e-25
1778,4.42273904447737e-25
1779,4.40803292656096e-25
1780,4.39899851526471e-25
1781,4.39412052774917e-25
1782,4.38676695422903e-25
1783,4.30644707736944e-25
1784,4.30008565674643e-25
1785,4.27797747778188e-25
1786,4.26870866846179e-25
1787,4.21062294205604e-25
1788,4.15711702899223e-25
1789,4.14420163769221e-25
1790,4.14409879543843e-25
1791,4.14351474354581e-25
1792,4.11090397412361e-25
1793,4.09166762857315e-25
1794,4.07156324616086e-25
1795,4.03707819446872e-25
1796,4.03290818209367e-25
1797,4.02819474914469e-25
1798,3.99997325608006e-25
1799,3.99831610667921e-25
1800,3.9974658231841e-25
1801,3.9883222316098e-25
1802,3.92278148790397e-25
1803,3.91198022181698e-25
1804,3.90552404682643e-25
1805,3.90418790263736e-25
1806,3.89904376245715e-25
1807,3.88116315507039e-25
1808,3.84926890603977e-25
1809,3.82431797563266e-25
1810,3.81267638003519e-25
1811,3.72337815812967e-25
1812,3.70048207659834e-25
1813,3.68978325333784e-25
1814,3.68652850487786e-25
1815,3.6592683110659e-25
1816,3.65730484107483e-25
1817,3.64300495746391e-25
1818,3.64162791945802e-25
1819,3.63782612649068e-25
1820,3.62239962906161e-25
1821,3.61452672050931e-25
1822,3.60855522046508e-25
1823,3.54968078468895e-25
1824,3.53590157627055e-25
1825,3.4949908877762e-25
1826,3.48589897990814e-25
1827,3.47451032989794e-25
1828,3.47203986759753e-25
1829,3.4290764283639e-25
1830,3.42793357752636e-25
1831,3.42051090095852e-25
1832,3.40898385775864e-25
1833,3.40106772124312e-25
1834,3.38340607018601e-25
1835,3.35340819210886e-25
1836,3.34030872008889e-25
1837,3.31064885909457e-25
1838,3.30066299773589e-25
1839,3.28551269858326e-25
1840,3.26595695460872e-25
1841,3.25745456068455e-25
1842,3.23343081142332e-25
1843,3.21912839174057e-25
1844,3.20206790373174e-25
1845,3.19689990868359e-25
1846,3.19438498390981e-25
1847,3.18680763472603e-25
1848,3.17053452004176e-25
1849,3.14382209310231e-25
1850,3.0965377342685e-25
1851,3.09646193308643e-25
1852,3.09300995550039e-25
1853,3.08439132592074e-25
1854,3.07164593394608e-25
1855,3.054384278155e-25
1856,3.0406429783334e-25
1857,3.03460914773741e-25
1858,3.03369880484241e-25
1859,3.01797387264963e-25
1860,3.01295436558921e-25
1861,2.99662342596599e-25
1862,2.99086174386137e-25
1863,2.98044346054508e-25
1864,2.97604911736191e-25
1865,2.94634991209331e-25
1866,2.94033114152522e-25
1867,2.91215927297961e-25
1868,2.9093369145153e-25
1869,2.89099995119165e-25
1870,2.88455533560759e-25
1871,2.86257257391698e-25
1872,2.86062750738198e-25
1873,2.8544583978687e-25
1874,2.81959936877004e-25
1875,2.81941838925452e-25
1876,2.81463786424498e-25
1877,2.81299867828048e-25
1878,2.7870564304172e-25
1879,2.77403736951082e-25
1880,2.75871183265737e-25
1881,2.75239663796072e-25
1882,2.73326060993224e-25
1883,2.70993853195262e-25
1884,2.70592748384259e-25
1885,2.69852376611538e-25
1886,2.65161649572968e-25
1887,2.6339754793357e-25
1888,2.5968233978111e-25
1889,2.58855181479689e-25
1890,2.58448911408932e-25
1891,2.58088109009068e-25
1892,2.56205619169964e-25
1893,2.56110040966908e-25
1894,2.55813467669451e-25
1895,2.54771190818076e-25
1896,2.52868076957587e-25
1897,2.5175681942605e-25
1898,2.50477372740158e-25
1899,2.48023617995635e-25
1900,2.47199451545388e-25
1901,2.42576226225558e-25
1902,2.39292438080126e-25
1903,2.38833804234087e-25
1904,2.34643601918411e-25
1905,2.34412694040042e-25
1906,2.32192017185824e-25
1907,2.30244688269722e-25
1908,2.29838406328837e-25
1909,2.27763388067956e-25
1910,2.27221841557485e-25
1911,2.26593584034858e-25
1912,2.26462594684902e-25
1913,2.23335055782947e-25
1914,2.22840618004276e-25
1915,2.22652557182684e-25
1916,2.17807079125092e-25
1917,2.17174105739773e-25
1918,2.16168190263105e-25
1919,2.15421560673264e-25
1920,2.15145612398625e-25
1921,2.15071313394744e-25
1922,2.14751510506733e-25
1923,2.1290821232007e-25
1924,2.1187855953641e-25
1925,2.11739129366969e-25
1926,2.05898138476338e-25
1927,2.05227279212833e-25
1928,2.03767873822876e-25
1929,2.03559133122865e-25
1930,2.03444388802105e-25
1931,2.03195407303488e-25
1932,2.0291855815777e-25
1933,2.00259473100202e-25
1934,1.9897410441868e-25
1935,1.98806365319556e-25
1936,1.98441626650071e-25
1937,1.98387071237899e-25
1938,1.98304499349074e-25
1939,1.98195539142206e-25
1940,1.97584997755405e-25
1941,1.97281877359024e-25
1942,1.95870644829736e-25
1943,1.94456650272766e-25
1944,1.93955101604751e-25
1945,1.90777244542397e-25
1946,1.90508673349289e-25
1947,1.8943690392266e-25
1948,1.8896756570015e-25
1949,1.85895521633061e-25
1950,1.84635561105899e-25
1951,1.82662675008794e-25
1952,1.79970956746362e-25
1953,1.77752825535607e-25
1954,1.7729995567872e-25
1955,1.75970767809583e-25
1956,1.74960527235161e-25
1957,1.73561541800003e-25
1958,1.73558856493882e-25
1959,1.6950582694702e-25
1960,1.6797022968022e-25
1961,1.67437205884806e-25
1962,1.67340710383589e-25
1963,1.66299517095179e-25
1964,1.64138639357108e-25
1965,1.63566781030287e-25
1966,1.63220160861575e-25
1967,1.61298820514575e-25
1968,1.61276526509084e-25
1969,1.599088756654e-25
1970,1.59292142828561e-25
1971,1.584963772848e-25
1972,1.5774122824135e-25
1973,1.5716997473072e-25
1974,1.56406479002452e-25
1975,1.53080106055059e-25
1976,1.51936766225765e-25
1977,1.5100489555736e-25
1978,1.50205654756893e-25
1979,1.48082771047689e-25
1980,1.47474708764532e-25
1981,1.47163931630324e-25
1982,1.4698636338289e-25
1983,1.45390322056434e-25
1984,1.45047265646403e-25
1985,1.44811473348862e-25
1986,1.44632039454836e-25
1987,1.4393646604535e-25
1988,1.42087854341384e-25
1989,1.40677757115608e-25
1990,1.39644887397195e-25
1991,1.35857426010773e-25
1992,1.35796476145036e-25
1993,1.33135540123882e-25
1994,1.32986028745492e-25
1995,1.32563314473207e-25
1996,1.31637731550532e-25
1997,1.29865184406987e-25
1998,1.28395698197947e-25
1999,1.27226192812044e-25
2000,1.27203156740317e-25
2001,1.24870954895114e-25
2002,1.24731845531564e-25
2003,1.24312181116946e-25
2004,1.23828525665836e-25
2005,1.23663894754529e-25
2006,1.2322335965516e-25
2007,1.22446348551909e-25
2008,1.2124319822521e-25
2009,1.20254237509401e-25
2010,1.20220627738419e-25
2011,1.18161316559271e-25
2012,1.13418041246212e-25
2013,1.12664979339678e-25
2014,1.12630127390788e-25
2015,1.11643139975019e-25
2016,1.10483312198581e-25
2017,1.08612038698693e-25
2018,1.07791840240536e-25
2019,1.07754702225623e-25
2020,1.05734012696489e-25
2021,1.05163082959705e-25
2022,1.04637882781415e-25
2023,1.03484426496247e-25
2024,1.02720382080342e-25
2025,1.01448827373215e-25
2026,1.00665643393934e-25
2027,9.92384791752404e-26
2028,9.85880235428861e-26
2029,9.76768405717124e-26
2030,9.72923059991842e-26
2031,9.69116170207438e-26
2032,9.65198692869388e-26
2033,9.61866845149295e-26
2034,9.39850044582735e-26
2035,9.34403920445446e-26
2036,9.21246199171345e-26
2037,9.18581667397886e-26
2038,9.16217876986076e-26
2039,8.76411739778238e-26
2040,8.74966015899126e-26
2041,8.67153568933357e-26
2042,8.57786672270583e-26
2043,8.54280698681599e-26
2044,8.32074910723327e-26
2045,8.28220615290399e-26
2046,8.16568627610924e-26
2047,8.04341099095476e-26
2048,7.99369164976758e-26
2049,7.97413242195628e-26
2050,7.97363581230182e-26
2051,7.81390859885622e-26
2052,7.80867554528873e-26
2053,7.80054165345047e-26
2054,7.68192328206993e-26
2055,7.65428385370452e-26
2056,7.55243799592724e-26
2057,7.34611247432328e-26
2058,7.19904346784387e-26
2059,7.18134136855845e-26
2060,7.1347914567798e-26
2061,6.90026875229715e-26
2062,6.88104759833719e-26
2063,6.67655191482311e-26
2064,6.66078221380942e-26
2065,6.57431403165145e-26
2066,6.47249052055128e-26
2067,6.34270804267499e-26
2068,6.32689835882688e-26
2069,6.21679316788257e-26
2070,6.09998488661821e-26
2071,6.04036118358077e-26
2072,5.98346950971138e-26
2073,5.97245539915173e-26
2074,5.96258670914254e-26
2075,5.94238633995777e-26
2076,5.93110240684741e-26
2077,5.90125132114809e-26
2078,5.89987803375085e-26
2079,5.82884469373631e-26
2080,5.76058613027877e-26
2081,5.40904685792694e-26
2082,5.37421703574544e-26
2083,5.22902046856319e-26
2084,5.2127498566288e-26
2085,5.06503149229819e-26
2086,5.06331326015968e-26
2087,4.91862102825229e-26
2088,4.56698550849941e-26
2089,4.34798547968346e-26
2090,4.28221911307821e-26
2091,4.1274133249255e-26
2092,4.11433306126394e-26
2093,4.03147533567847e-26
2094,4.02977805210847e-26
2095,3.91820406963883e-26
2096,3.87637213180291e-26
2097,3.86208262437791e-26
2098,3.74354722663084e-26
2099,3.64478927169451e-26
2100,3.62275742004902e-26
2101,3.48294234024837e-26
2102,3.45644149873552e-26
2103,3.36768700443966e-26
2104,3.15758746456809e-26
2105,3.12976065616745e-26
2106,2.87065427735233e-26
2107,2.83265329820932e-26
2108,2.80870709937021e-26
2109,2.63182947598051e-26
2110,2.62104679777105e-26
2111,2.60870168970216e-26
2112,2.59377276544716e-26
2113,2.43799435440485e-26
2114,2.35364495182475e-26
2115,2.23437288390269e-26
2116,2.20456948698699e-26
2117,2.17706876312349e-26
2118,2.15276267872376e-26
2119,2.0451036137631e-26
2120,1.84652001431088e-26
2121,1.81125488414241e-26
2122,1.79626856957474e-26
2123,1.71151480481235e-26
2124,1.70702664355971e-26
2125,1.60508076649189e-26
2126,1.44887892550523e-26
2127,1.38511173185251e-26
2128,1.3607196243072e-26
2129,1.31786848568075e-26
2130,1.30083678223744e-26
2131,1.25955107801281e-26
2132,1.20302344652895e-26
2133,1.13114395299175e-26
2134,1.09948426246562e-26
2135,8.7378562815674e-27
2136,8.30866438083353e-27
2137,7.41121554576044e-27
2138,7.31963379432911e-27
2139,7.26106673691142e-27
2140,6.91730624224395e-27
2141,6.69689371153926e-27
2142,6.61724892013546e-27
2143,6.01354752167e-27
2144,5.72820490323e-27
2145,5.17696137294326e-27
2146,4.75197975413566e-27
2147,4.60704926061211e-27
2148,3.47692863828707e-27
2149,2.03366441416559e-27
2150,-1.03669328755733e-27
2151,-2.57823212158402e-27
2152,-4.07673615834838e-27
2153,-4.25022652102801e-27
2154,-5.74816975674818e-27
2155,-1.17953776644518e-26
2156,-1.24051524020444e-26
2157,-1.25877925580996e-26
2158,-1.30832188561502e-26
2159,-1.47062385018853e-26
2160,-1.59837021904235e-26
2161,-1.66583633001505e-26
2162,-1.77256752182459e-26
2163,-1.89499161470701e-26
2164,-1.92278489293489e-26
2165,-2.07220054245742e-26
2166,-2.26001773048291e-26
2167,-2.34732584869914e-26
2168,-2.35905506007456e-26
2169,-2.38302946822862e-26
2170,-2.4499460616332e-26
2171,-2.47493470743293e-26
2172,-2.57279764545081e-26
2173,-2.64549909199783e-26
2174,-2.65690301496499e-26
2175,-2.89875247308362e-26
2176,-2.93608386373817e-26
2177,-3.00707914171825e-26
2178,-3.1740094572807e-26
2179,-3.33839065442371e-26
2180,-3.43570766557144e-26
2181,-3.44446157501408e-26
2182,-3.76514175763826e-26
2183,-3.83664723021403e-26
2184,-3.85819743795626e-26
2185,-3.96786038672589e-26
2186,-4.16352670635623e-26
2187,-4.2334506508763e-26
2188,-4.26341297583023e-26
2189,-4.26502253131594e-26
2190,-4.2700501327165e-26
2191,-4.28397529192426e-26
2192,-4.3045990660536e-26
2193,-4.47186799875482e-26
2194,-4.66324547673665e-26
2195,-4.67135935754868e-26
2196,-4.7429862202328e-26
2197,-4.77852485415914e-26
2198,-4.86624076075415e-26
2199,-5.19763811663921e-26
2200,-5.19910697629375e-26
2201,-5.25504104607753e-26
2202,-5.29638080209327e-26
2203,-5.53230053631981e-26
2204,-5.64885856881066e-26
2205,-5.76581050314277e-26
2206,-5.77703952379861e-26
2207,-5.7865255178078e-26
2208,-5.88214449648708e-26
2209,-5.95470468055441e-26
2210,-5.99425123076955e-26
2211,-5.99674975227411e-26
2212,-6.12779446023681e-26
2213,-6.17156328543464e-26
2214,-6.22078861636962e-26
2215,-6.35876530912999e-26
2216,-6.55550123155856e-26
2217,-6.58630479773191e-26
2218,-6.73317365955404e-26
2219,-7.03073004914747e-26
2220,-7.05022809275286e-26
2221,-7.06805336869727e-26
2222,-7.14278822321731e-26
2223,-7.23092116755552e-26
2224,-7.32393544793022e-26
2225,-7.35307062713853e-26
2226,-7.38149724104447e-26
2227,-7.41516404827341e-26
2228,-7.43532894314048e-26
2229,-7.60002947890279e-26
2230,-7.70984619759177e-26
2231,-7.76676423447262e-26
2232,-7.77550494409085e-26
2233,-7.98403330599755e-26
2234,-8.02229318441661e-26
2235,-8.05049256269277e-26
2236,-8.11028313433614e-26
2237,-8.2502033874756e-26
2238,-8.30620794344058e-26
2239,-8.7263990845305e-26
2240,-8.7282211447698e-26
2241,-8.83509429457193e-26
2242,-8.95388930576717e-26
2243,-8.97229250832457e-26
2244,-9.07728691692413e-26
2245,-9.11258289109817e-26
2246,-9.17750339537259e-26
2247,-9.48348980484691e-26
2248,-9.78235170503585e-26
2249,-9.84512698213866e-26
2250,-9.91191908180412e-26
2251,-9.94120845303631e-26
2252,-9.98929053705752e-26
2253,-1.00360958481294e-25
2254,-1.01879386192826e-25
2255,-1.02045938511251e-25
2256,-1.03701218279388e-25
2257,-1.0517301792354e-25
2258,-1.05301702122726e-25
2259,-1.05781497613721e-25
2260,-1.05833843181597e-25
2261,-1.06142860184535e-25
2262,-1.06162811714112e-25
2263,-1.0877156782441e-25
2264,-1.10404734010811e-25
2265,-1.1072150503979e-25
2266,-1.11893060925153e-25
2267,-1.12007348345867e-25
2268,-1.12018805299721e-25
2269,-1.12485684750057e-25
2270,-1.15161758682397e-25
2271,-1.17504095851221e-25
2272,-1.20186482893308e-25
2273,-1.20677211611151e-25
2274,-1.20907806374262e-25
2275,-1.21326742345138e-25
2276,-1.21518522492941e-25
2277,-1.22449784498309e-25
2278,-1.24281856360575e-25
2279,-1.24805388335445e-25
2280,-1.25069844336944e-25
2281,-1.25351792564306e-25
2282,-1.25551822805611e-25
2283,-1.2693858648153e-25
2284,-1.2888602855958e-25
2285,-1.30820153370726e-25
2286,-1.3104360108152e-25
2287,-1.31166377723919e-25
2288,-1.31473180507628e-25
2289,-1.31829926916367e-25
2290,-1.32723256919425e-25
2291,-1.33079571301153e-25
2292,-1.33801399710776e-25
2293,-1.34370432067887e-25
2294,-1.34679872271649e-25
2295,-1.35300702003782e-25
2296,-1.36608203612144e-25
2297,-1.37331288659966e-25
2298,-1.37356040957301e-25
2299,-1.39481735874357e-25
2300,-1.40737026749183e-25
2301,-1.41023243091659e-25
2302,-1.41971100538129e-25
2303,-1.43012126254228e-25
2304,-1.43409982933185e-25
2305,-1.44055165142407e-25
2306,-1.45700119097367e-25
2307,-1.46054256595967e-25
2308,-1.47155140027252e-25
2309,-1.48372912670799e-25
2310,-1.49183425124864e-25
2311,-1.49980238022301e-25
2312,-1.50910001295231e-25
2313,-1.50964714849443e-25
2314,-1.52140397849489e-25
2315,-1.52284956485404e-25
2316,-1.5275093929235e-25
2317,-1.54814463029935e-25
2318,-1.56377654116054e-25
2319,-1.57673676922111e-25
2320,-1.59110330243322e-25
2321,-1.59744205088064e-25
2322,-1.60445501468272e-25
2323,-1.61925141036054e-25
2324,-1.63055049405892e-25
2325,-1.65172647159183e-25
2326,-1.67121796294512e-25
2327,-1.67226266532675e-25
2328,-1.67860245244774e-25
2329,-1.70394054310857e-25
2330,-1.71357873592783e-25
2331,-1.72090724910139e-25
2332,-1.72284129089757e-25
2333,-1.73286120115405e-25
2334,-1.738761226582e-25
2335,-1.7422763492901e-25
2336,-1.75944682793915e-25
2337,-1.77743390521214e-25
2338,-1.80788149093755e-25
2339,-1.81160815312086e-25
2340,-1.8145529886924e-25
2341,-1.81642028249278e-25
2342,-1.830731249848e-25
2343,-1.83632179898979e-25
2344,-1.84090459718166e-25
2345,-1.84502100499054e-25
2346,-1.87827977094623e-25
2347,-1.88874248478691e-25
2348,-1.89782955471288e-25
2349,-1.90620685639729e-25
2350,-1.90644437466031e-25
2351,-1.93922386853383e-25
2352,-1.94847349267449e-25
2353,-2.01414542447479e-25
2354,-2.01639907558604e-25
2355,-2.02435511729287e-25
2356,-2.0489696376589e-25
2357,-2.06462287080172e-25
2358,-2.06540780741423e-25
2359,-2.07122419387238e-25
2360,-2.08782523470462e-25
2361,-2.09014098956708e-25
2362,-2.10574385401219e-25
2363,-2.12208524726732e-25
2364,-2.12613914699562e-25
2365,-2.13093400848647e-25
2366,-2.13998827724283e-25
2367,-2.14764282655893e-25
2368,-2.15299202026932e-25
2369,-2.1654629120494e-25
2370,-2.16927239832443e-25
2371,-2.19579472271434e-25
2372,-2.22029123845556e-25
2373,-2.22466391359583e-25
2374,-2.22537539681277e-25
2375,-2.22692458063398e-25
2376,-2.23788891779974e-25
2377,-2.24201431858582e-25
2378,-2.24484951543984e-25
2379,-2.27844504940146e-25
2380,-2.28346905802661e-25
2381,-2.3074640174923e-25
2382,-2.33437263020796e-25
2383,-2.33621106040391e-25
2384,-2.34036133868212e-25
2385,-2.34184350361203e-25
2386,-2.36607622040798e-25
2387,-2.36721237569066e-25
2388,-2.37748853146898e-25
2389,-2.37757794676174e-25
2390,-2.3954909120805e-25
2391,-2.4073651497432e-25
2392,-2.43040054582966e-25
2393,-2.43089843996041e-25
2394,-2.44351075409692e-25
2395,-2.44680960241826e-25
2396,-2.45771461033166e-25
2397,-2.46165755567426e-25
2398,-2.46579961291798e-25
2399,-2.47641315061593e-25
2400,-2.48680058157851e-25
2401,-2.52259118535886e-25
2402,-2.52490691553594e-25
2403,-2.53186774166375e-25
2404,-2.54199657707612e-25
2405,-2.56786525127783e-25
2406,-2.56843332583394e-25
2407,-2.58271119663477e-25
2408,-2.58374790514233e-25
2409,-2.58703095877394e-25
2410,-2.63584039400746e-25
2411,-2.66099240792206e-25
2412,-2.66553330160348e-25
2413,-2.6981268282706e-25
2414,-2.69867859303305e-25
2415,-2.71677935000162e-25
2416,-2.7634936505102e-25
2417,-2.7790514417956e-25
2418,-2.78056908602096e-25
2419,-2.81247135101819e-25
2420,-2.81900771877505e-25
2421,-2.84396229618654e-25
2422,-2.85034255672781e-25
2423,-2.85151407452227e-25
2424,-2.87984048945922e-25
2425,-2.89522329203003e-25
2426,-2.89672776481508e-25
2427,-2.93981998744352e-25
2428,-2.95060252372106e-25
2429,-2.9525283930771e-25
2430,-2.9525440313077e-25
2431,-3.02851853102836e-25
2432,-3.03709475965659e-25
2433,-3.0449096799317e-25
2434,-3.0494973001106e-25
2435,-3.05396143696512e-25
2436,-3.07317687483717e-25
2437,-3.08486206008401e-25
2438,-3.09033190169796e-25
2439,-3.12827593553186e-25
2440,-3.1311401616337e-25
2441,-3.13122259128399e-25
2442,-3.14037547792843e-25
2443,-3.16992686790426e-25
2444,-3.17996608402012e-25
2445,-3.18461549747581e-25
2446,-3.19221685721809e-25
2447,-3.20264553377757e-25
2448,-3.20823621698735e-25
2449,-3.22354496228139e-25
2450,-3.24135446103024e-25
2451,-3.25422323744651e-25
2452,-3.28806555648122e-25
2453,-3.31555424502455e-25
2454,-3.32721915038898e-25
2455,-3.33136572389425e-25
2456,-3.33398337528833e-25
2457,-3.37743067639253e-25
2458,-3.40683815457737e-25
2459,-3.41376706028988e-25
2460,-3.4398720331736e-25
2461,-3.4412918640434e-25
2462,-3.47644796933492e-25
2463,-3.49319787283938e-25
2464,-3.50105687063861e-25
2465,-3.51992345515022e-25
2466,-3.54236661736178e-25
2467,-3.57950416981383e-25
2468,-3.58372443315223e-25
2469,-3.59562575152628e-25
2470,-3.61835717413487e-25
2471,-3.62778872381145e-25
2472,-3.65913334480002e-25
2473,-3.67762030059577e-25
2474,-3.70348675926113e-25
2475,-3.70736692776504e-25
2476,-3.74023260358233e-25
2477,-3.75753987050012e-25
2478,-3.76962053969455e-25
2479,-3.77089154362442e-25
2480,-3.78294615032012e-25
2481,-3.78421109462366e-25
2482,-3.79829077747905e-25
2483,-3.80076277014401e-25
2484,-3.81099210138e-25
2485,-3.81384057665019e-25
2486,-3.81543582721007e-25
2487,-3.86593385923079e-25
2488,-3.91950174897185e-25
2489,-3.94660314401747e-25
2490,-3.94840458990396e-25
2491,-3.94868487775227e-25
2492,-4.01431519213477e-25
2493,-4.02722041604324e-25
2494,-4.05064413200776e-25
2495,-4.07102176796472e-25
2496,-4.07382881284813e-25
2497,-4.11327601982239e-25
2498,-4.11426604392744e-25
2499,-4.14086531063249e-25
2500,-4.14410396185759e-25
2501,-4.14880735120275e-25
2502,-4.15360748828476e-25
2503,-4.16033608220027e-25
2504,-4.19857456767792e-25
2505,-4.24376212138364e-25
2506,-4.25061518394372e-25
2507,-4.25215653167673e-25
2508,-4.28180287212323e-25
2509,-4.33218723005481e-25
2510,-4.33309422744608e-25
2511,-4.33322372621498e-25
2512,-4.35885514503981e-25
2513,-4.37374544831686e-25
2514,-4.38584770474471e-25
2515,-4.39891682263377e-25
2516,-4.40866952812323e-25
2517,-4.44399139701982e-25
2518,-4.51760889545217e-25
2519,-4.51825633407007e-25
2520,-4.52073129739655e-25
2521,-4.52733329081725e-25
2522,-4.53272770222824e-25
2523,-4.5556854555892e-25
2524,-4.56229824410582e-25
2525,-4.57600918805302e-25
2526,-4.61781256810111e-25
2527,-4.6285017855292e-25
2528,-4.62907526584794e-25
2529,-4.63270096149552e-25
2530,-4.64616512719395e-25
2531,-4.64722952732868e-25
2532,-4.66368655608702e-25
2533,-4.67528634509455e-25
2534,-4.69804390774702e-25
2535,-4.70600462352256e-25
2536,-4.80477886552159e-25
2537,-4.80809005299199e-25
2538,-4.82576497413743e-25
2539,-4.84214876562447e-25
2540,-4.84227037662309e-25
2541,-4.85309467538409e-25
2542,-4.85315662541531e-25
2543,-4.86542809205212e-25
2544,-4.90655213254934e-25
2545,-4.92341135449036e-25
2546,-4.9304962298436e-25
2547,-4.93428104638011e-25
2548,-4.96742460148114e-25
2549,-5.02543494052174e-25
2550,-5.02863930306791e-25
2551,-5.05314243686478e-25
2552,-5.07692123410315e-25
2553,-5.10741711395032e-25
2554,-5.13959056980242e-25
2555,-5.1399940752542e-25
2556,-5.17516522160398e-25
2557,-5.21580621185834e-25
2558,-5.21659602297132e-25
2559,-5.23379829737267e-25
2560,-5.30466252538662e-25
2561,-5.31297256416477e-25
2562,-5.32023162032073e-25
2563,-5.33491488783447e-25
2564,-5.33783033638174e-25
2565,-5.35858650933837e-25
2566,-5.39038191451379e-25
2567,-5.40055887502795e-25
2568,-5.4038161940356e-25
2569,-5.4572714891942e-25
2570,-5.46758045405925e-25
2571,-5.4781455353442e-25
2572,-5.47826161272138e-25
2573,-5.48648977719695e-25
2574,-5.50450168347972e-25
2575,-5.51876848816821e-25
2576,-5.52635728971381e-25
2577,-5.55944294080172e-25
2578,-5.57808141978518e-25
2579,-5.61957566883708e-25
2580,-5.63383179253903e-25
2581,-5.64478305437201e-25
2582,-5.6585467190001e-25
2583,-5.66342483892758e-25
2584,-5.71132859549002e-25
2585,-5.73333346087672e-25
2586,-5.7371765856539e-25
2587,-5.75158785738666e-25
2588,-5.8093933862816e-25
2589,-5.81296730747857e-25
2590,-5.8139673313657e-25
2591,-5.89067704326387e-25
2592,-5.92100082327903e-25
2593,-6.0013554135507e-25
2594,-6.01724014175318e-25
2595,-6.04572295083248e-25
2596,-6.05152828568697e-25
2597,-6.12895183433445e-25
2598,-6.15427865615524e-25
2599,-6.1618821426985e-25
2600,-6.20796378908888e-25
2601,-6.25576506142448e-25
2602,-6.26458742026468e-25
2603,-6.27373476561242e-25
2604,-6.28865335842467e-25
2605,-6.29548239642757e-25
2606,-6.36100555447805e-25
2607,-6.36890474998242e-25
2608,-6.37101085336139e-25
2609,-6.39526343216676e-25
2610,-6.40478504302787e-25
2611,-6.43029676822998e-25
2612,-6.44300029729967e-25
2613,-6.5077227872271e-25
2614,-6.56895288622778e-25
2615,-6.58416702187959e-25
2616,-6.61431023958661e-25
2617,-6.62239557624201e-25
2618,-6.62251789356096e-25
2619,-6.62336526027479e-25
2620,-6.63710910875517e-25
2621,-6.69331690763935e-25
2622,-6.73373568661186e-25
2623,-6.77959157306594e-25
2624,-6.80517092630697e-25
2625,-6.8229443930877e-25
2626,-6.85603978569094e-25
2627,-6.87205134672113e-25
2628,-6.89440068533709e-25
2629,-6.91652528392773e-25
2630,-6.94271089032019e-25
2631,-6.97006152621536e-25
2632,-6.97102987323612e-25
2633,-6.97608143492083e-25
2634,-6.99448548756139e-25
2635,-7.00113075704248e-25
2636,-7.04065811691288e-25
2637,-7.0601831540271e-25
2638,-7.09269705811216e-25
2639,-7.09583333258331e-25
2640,-7.19517167462345e-25
2641,-7.21829700386209e-25
2642,-7.22990123289339e-25
2643,-7.23501213514222e-25
2644,-7.24167518272045e-25
2645,-7.25448368301727e-25
2646,-7.28968783937805e-25
2647,-7.33170593880057e-25
2648,-7.35937883383985e-25
2649,-7.39219016736034e-25
2650,-7.39743112577405e-25
2651,-7.47686003587881e-25
2652,-7.49492893884202e-25
2653,-7.51815791922299e-25
2654,-7.53126297033967e-25
2655,-7.54248904720154e-25
2656,-7.55709955271643e-25
2657,-7.56661317498509e-25
2658,-7.60312967909266e-25
2659,-7.65077351459851e-25
2660,-7.68826693917032e-25
2661,-7.70636907808099e-25
2662,-7.72398257564154e-25
2663,-7.74292007467074e-25
2664,-7.75836173854292e-25
2665,-7.78335293541798e-25
2666,-7.79865973617978e-25
2667,-7.81787687516594e-25
2668,-7.82571377606878e-25
2669,-7.82590827457136e-25
2670,-7.83000740007479e-25
2671,-7.86350022398738e-25
2672,-7.89454370192337e-25
2673,-7.91241449953095e-25
2674,-7.92438797260782e-25
2675,-8.00493075245056e-25
2676,-8.01639712464753e-25
2677,-8.02150131425181e-25
2678,-8.06866898037008e-25
2679,-8.07754879696674e-25
2680,-8.10905019452457e-25
2681,-8.12070162508119e-25
2682,-8.2522019857091e-25
2683,-8.28077974824713e-25
2684,-8.28551421506471e-25
2685,-8.3099277209107e-25
2686,-8.37752263970477e-25
2687,-8.44063098408813e-25
2688,-8.48901782060867e-25
2689,-8.54345806147306e-25
2690,-8.54783142682565e-25
2691,-8.55571817667923e-25
2692,-8.56608804507869e-25
2693,-8.5993501399478e-25
2694,-8.67941371753098e-25
2695,-8.7396378270314e-25
2696,-8.78392594846024e-25
2697,-8.80673825150364e-25
2698,-8.91918994015045e-25
2699,-8.95420631519038e-25
2700,-9.02352882599532e-25
2701,-9.03230948246008e-25
2702,-9.06603456141452e-25
2703,-9.12960978636748e-25
2704,-9.1342507738236e-25
2705,-9.16848320830707e-25
2706,-9.16914795487571e-25
2707,-9.1701261520823e-25
2708,-9.17685390994265e-25
2709,-9.2651970724598e-25
2710,-9.2693977687002e-25
2711,-9.27762499721358e-25
2712,-9.33529394314427e-25
2713,-9.34725730420165e-25
2714,-9.37497117087417e-25
2715,-9.46673584278582e-25
2716,-9.49671299011354e-25
2717,-9.50325187619304e-25
2718,-9.52628714116661e-25
2719,-9.55374391258281e-25
2720,-9.57552386078316e-25
2721,-9.59141152588863e-25
2722,-9.66843998422144e-25
2723,-9.67380848268966e-25
2724,-9.6977221858798e-25
2725,-9.73277735478269e-25
2726,-9.74906705371524e-25
2727,-9.77001162763681e-25
2728,-9.87596451912756e-25
2729,-9.90166339358514e-25
2730,-9.95423604574726e-25
2731,-9.97271596754836e-25
2732,-1.00043988259474e-24
2733,-1.01315658981534e-24
2734,-1.01452019180727e-24
2735,-1.02038160012673e-24
2736,-1.02059662151381e-24
2737,-1.02141308252775e-24
2738,-1.02276827196296e-24
2739,-1.02291126815572e-24
2740,-1.02381217526822e-24
2741,-1.02401708820763e-24
2742,-1.03066908758535e-24
2743,-1.03713219322317e-24
2744,-1.03833526472999e-24
2745,-1.04281309154688e-24
2746,-1.04397193883941e-24
2747,-1.04862189363495e-24
2748,-1.05775036348169e-24
2749,-1.06060008571516e-24
2750,-1.06573342959419e-24
2751,-1.0665789346174e-24
2752,-1.06736585175837e-24
2753,-1.07075342797054e-24
2754,-1.07168150559419e-24
2755,-1.07826252613441e-24
2756,-1.08332675491659e-24
2757,-1.08611697503992e-24
2758,-1.0887896925518e-24
2759,-1.09584739583755e-24
2760,-1.10210420893756e-24
2761,-1.1035990301788e-24
2762,-1.10747559365504e-24
2763,-1.11276289525369e-24
2764,-1.12623972859188e-24
2765,-1.12728981779165e-24
2766,-1.13479545168635e-24
2767,-1.13503792938611e-24
2768,-1.13796789536711e-24
2769,-1.14015236371577e-24
2770,-1.15157445983054e-24
2771,-1.15358286125922e-24
2772,-1.15556304841621e-24
2773,-1.16302884699089e-24
2774,-1.1675634171707e-24
2775,-1.17108448611339e-24
2776,-1.17869301120383e-24
2777,-1.17921325409117e-24
2778,-1.1792813424044e-24
2779,-1.18834681051989e-24
2780,-1.2062501834402e-24
2781,-1.20716870595672e-24
2782,-1.20746717474279e-24
2783,-1.20918328737788e-24
2784,-1.2093087720061e-24
2785,-1.21917202664139e-24
2786,-1.23155830550574e-24
2787,-1.23756404401861e-24
2788,-1.25125666839364e-24
2789,-1.2532054231192e-24
2790,-1.26012846357884e-24
2791,-1.26093301839021e-24
2792,-1.26165661557967e-24
2793,-1.2635166395605e-24
2794,-1.26375322387234e-24
2795,-1.27471827888049e-24
2796,-1.2748351423047e-24
2797,-1.27781406024848e-24
2798,-1.28212236762081e-24
2799,-1.28582103186532e-24
2800,-1.30347499166856e-24
2801,-1.30771681173807e-24
2802,-1.30938859426524e-24
2803,-1.31022056492338e-24
2804,-1.31124072720585e-24
2805,-1.3190913006719e-24
2806,-1.32064780274836e-24
2807,-1.32668237452643e-24
2808,-1.32867180568856e-24
2809,-1.33105962093181e-24
2810,-1.33114013780006e-24
2811,-1.33223453048698e-24
2812,-1.33472832850599e-24
2813,-1.33732631812103e-24
2814,-1.35005711516745e-24
2815,-1.35410770999161e-24
2816,-1.35531185483888e-24
2817,-1.35935967556521e-24
2818,-1.36199701643883e-24
2819,-1.36879153076316e-24
2820,-1.36908148436774e-24
2821,-1.37310287360378e-24
2822,-1.3735031708796e-24
2823,-1.3745081100634e-24
2824,-1.3785418958771e-24
2825,-1.38361445449916e-24
2826,-1.40209288844586e-24
2827,-1.40227981941268e-24
2828,-1.40322021076388e-24
2829,-1.41135318695903e-24
2830,-1.41510992614249e-24
2831,-1.41535848663864e-24
2832,-1.41806074745165e-24
2833,-1.43073054967733e-24
2834,-1.4319702304421e-24
2835,-1.43632883301093e-24
2836,-1.43788091570836e-24
2837,-1.44686355850269e-24
2838,-1.4579461126844e-24
2839,-1.46450201644427e-24
2840,-1.46827115191872e-24
2841,-1.46944069151328e-24
2842,-1.4725067722832e-24
2843,-1.47334767546391e-24
2844,-1.48055152244007e-24
2845,-1.48828231215216e-24
2846,-1.50497492407864e-24
2847,-1.50558612805392e-24
2848,-1.50663361478609e-24
2849,-1.50911554177514e-24
2850,-1.51120707962564e-24
2851,-1.51290887932522e-24
2852,-1.52738794142795e-24
2853,-1.53433442132964e-24
2854,-1.5406012495332e-24
2855,-1.54710884604194e-24
2856,-1.54811446090268e-24
2857,-1.55400816891698e-24
2858,-1.56356084711022e-24
2859,-1.56945686305055e-24
2860,-1.56945910537612e-24
2861,-1.58238161764772e-24
2862,-1.58393681495523e-24
2863,-1.59727938223366e-24
2864,-1.59790653533271e-24
2865,-1.60230175674075e-24
2866,-1.60684633062431e-24
2867,-1.62926373829001e-24
2868,-1.63359913389974e-24
2869,-1.63455772908027e-24
2870,-1.63652587458936e-24
2871,-1.6409248478386e-24
2872,-1.65219043283716e-24
2873,-1.65437236184629e-24
2874,-1.65480616681884e-24
2875,-1.65843626750492e-24
2876,-1.65904461980632e-24
2877,-1.66887819964523e-24
2878,-1.66963637786122e-24
2879,-1.67070162650982e-24
2880,-1.67375345364739e-24
2881,-1.67826968146536e-24
2882,-1.68068290549451e-24
2883,-1.68461102208501e-24
2884,-1.68632797481277e-24
2885,-1.69187930994466e-24
2886,-1.69556281723403e-24
2887,-1.69792716557892e-24
2888,-1.70263561442528e-24
2889,-1.71501265617364e-24
2890,-1.73311915093527e-24
2891,-1.73948802785666e-24
2892,-1.74349527156893e-24
2893,-1.75268792406413e-24
2894,-1.75661372961877e-24
2895,-1.76464336434632e-24
2896,-1.76536019647166e-24
2897,-1.77480832158905e-24
2898,-1.77871347876504e-24
2899,-1.78401379596664e-24
2900,-1.79255062770079e-24
2901,-1.79464866577269e-24
2902,-1.80578277696338e-24
2903,-1.82150876369819e-24
2904,-1.82834003092495e-24
2905,-1.82923887185239e-24
2906,-1.83604164668753e-24
2907,-1.83605206155494e-24
2908,-1.83663890083423e-24
2909,-1.83681014384842e-24
2910,-1.84193010516717e-24
2911,-1.84886965869992e-24
2912,-1.85057810656708e-24
2913,-1.85404788116033e-24
2914,-1.85454292935022e-24
2915,-1.85477998440757e-24
2916,-1.86227641170275e-24
2917,-1.87826958741657e-24
2918,-1.88416741471941e-24
2919,-1.89202327823433e-24
2920,-1.89555346997417e-24
2921,-1.89835189227309e-24
2922,-1.90985515653108e-24
2923,-1.91004290091483e-24
2924,-1.91361878238393e-24
2925,-1.92996782434956e-24
2926,-1.93180617855696e-24
2927,-1.94838804171809e-24
2928,-1.95067723781783e-24
2929,-1.9593902405676e-24
2930,-1.96951237163911e-24
2931,-1.9748387638683e-24
2932,-1.97877506252525e-24
2933,-1.98729819842863e-24
2934,-1.98756656974317e-24
2935,-1.99546303735198e-24
2936,-2.00929457991506e-24
2937,-2.03014666267461e-24
2938,-2.03403811333027e-24
2939,-2.03537812207432e-24
2940,-2.05047677720304e-24
2941,-2.05080898389153e-24
2942,-2.05346776185203e-24
2943,-2.06053022626266e-24
2944,-2.06385880436545e-24
2945,-2.06917176602301e-24
2946,-2.07291760684315e-24
2947,-2.07743015573642e-24
2948,-2.09157153323519e-24
2949,-2.09305590014759e-24
2950,-2.09714894655442e-24
2951,-2.10878919695155e-24
2952,-2.1157265105567e-24
2953,-2.12464920795736e-24
2954,-2.12713237525338e-24
2955,-2.13629152358968e-24
2956,-2.14105392811235e-24
2957,-2.1441753695339e-24
2958,-2.14476985300524e-24
2959,-2.1469220191573e-24
2960,-2.19102102203184e-24
2961,-2.19844696759269e-24
2962,-2.19915131334317e-24
2963,-2.20667679337982e-24
2964,-2.20758888781921e-24
2965,-2.20760259394468e-24
2966,-2.207986106994e-24
2967,-2.21398824232221e-24
2968,-2.21517365551999e-24
2969,-2.2372521075641e-24
2970,-2.24716726324186e-24
2971,-2.24756537677134e-24
2972,-2.26236842613893e-24
2973,-2.26262188847737e-24
2974,-2.2673657000635e-24
2975,-2.26762997960829e-24
2976,-2.26989407415533e-24
2977,-2.27936828322006e-24
2978,-2.28603693566336e-24
2979,-2.28723936120897e-24
2980,-2.29991460648954e-24
2981,-2.30305828425758e-24
2982,-2.3038131956919e-24
2983,-2.30494665335912e-24
2984,-2.32430798530124e-24
2985,-2.33530855509455e-24
2986,-2.33956943210474e-24
2987,-2.34057602602089e-24
2988,-2.34277286426965e-24
2989,-2.34347609159262e-24
2990,-2.35838351988579e-24
2991,-2.36889269817143e-24
2992,-2.39752002278933e-24
2993,-2.3995514386699e-24
2994,-2.42698163304305e-24
2995,-2.42815906838478e-24
2996,-2.42949251153748e-24
2997,-2.45343455159646e-24
2998,-2.45369235814651e-24
2999,-2.45449084590379e-24
3000,-2.46113735461248e-24
3001,-2.46793579648284e-24
3002,-2.49689609095502e-24
3003,-2.50170172064491e-24
3004,-2.50505498000524e-24
3005,-2.52710278948134e-24
3006,-2.55114332975279e-24
3007,-2.55759698965548e-24
3008,-2.55985756744313e-24
3009,-2.57209006036155e-24
3010,-2.58050009447194e-24
3011,-2.59552228534869e-24
3012,-2.6022591231328e-24
3013,-2.61085488966028e-24
3014,-2.61509552172131e-24
3015,-2.62240149845947e-24
3016,-2.62629895290005e-24
3017,-2.63591359450995e-24
3018,-2.63595533145396e-24
3019,-2.64125281722066e-24
3020,-2.64629152995691e-24
3021,-2.64902413161276e-24
3022,-2.65617542838225e-24
3023,-2.65627075604926e-24
3024,-2.65996295360842e-24
3025,-2.70514386027344e-24
3026,-2.71969263351616e-24
3027,-2.72209630212474e-24
3028,-2.73377744950918e-24
3029,-2.7474654543478e-24
3030,-2.7524903866398e-24
3031,-2.75608438503401e-24
3032,-2.76433809793627e-24
3033,-2.78069802333155e-24
3034,-2.78520623598555e-24
3035,-2.79036823596748e-24
3036,-2.80062476262652e-24
3037,-2.80481302385808e-24
3038,-2.81100849864765e-24
3039,-2.81397215073465e-24
3040,-2.83182914423645e-24
3041,-2.84229788419008e-24
3042,-2.84820856576858e-24
3043,-2.86351809318466e-24
3044,-2.87844565491429e-24
3045,-2.89409269581291e-24
3046,-2.90626824625207e-24
3047,-2.91099473181729e-24
3048,-2.93444083573822e-24
3049,-2.94055376631824e-24
3050,-2.95308054616459e-24
3051,-2.95524297853366e-24
3052,-2.95783158536422e-24
3053,-2.96640842893633e-24
3054,-2.97744625630317e-24
3055,-2.98029077173082e-24
3056,-2.99532115331533e-24
3057,-3.02284033088858e-24
3058,-3.02703504773072e-24
3059,-3.06472893518129e-24
3060,-3.067632766375e-24
3061,-3.07862005903788e-24
3062,-3.0806899267271e-24
3063,-3.08585535661502e-24
3064,-3.08869808745841e-24
3065,-3.10417625967572e-24
3066,-3.10566593299028e-24
3067,-3.12053513513071e-24
3068,-3.12702432533079e-24
3069,-3.12710728229322e-24
3070,-3.12886322115476e-24
3071,-3.13302011275741e-24
3072,-3.13490329750494e-24
3073,-3.16397803813628e-24
3074,-3.21505665787464e-24
3075,-3.21581592739694e-24
3076,-3.23920055312065e-24
3077,-3.25613851764135e-24
3078,-3.27149763849322e-24
3079,-3.29849903276713e-24
3080,-3.30058169778978e-24
3081,-3.30420165392414e-24
3082,-3.30701436057995e-24
3083,-3.32575506309827e-24
3084,-3.33646062704419e-24
3085,-3.33797722995714e-24
3086,-3.34356693160998e-24
3087,-3.34933820697403e-24
3088,-3.35000126811879e-24
3089,-3.38704493741249e-24
3090,-3.39341430685948e-24
3091,-3.41268514190364e-24
3092,-3.42428315216196e-24
3093,-3.43517897565503e-24
3094,-3.45277500152079e-24
3095,-3.46015527945944e-24
3096,-3.48006895367782e-24
3097,-3.48949075798427e-24
3098,-3.49351366841694e-24
3099,-3.49727859109499e-24
3100,-3.52540312847951e-24
3101,-3.52552156166102e-24
3102,-3.53038918468746e-24
3103,-3.54449990786123e-24
3104,-3.55271125123106e-24
3105,-3.56211882817925e-24
3106,-3.58288127058251e-24
3107,-3.59516435392268e-24
3108,-3.6089628370281e-24
3109,-3.61727595858965e-24
3110,-3.66470872268257e-24
3111,-3.667867606006e-24
3112,-3.67366671945235e-24
3113,-3.67449518509383e-24
3114,-3.69194498394087e-24
3115,-3.70007486438884e-24
3116,-3.72492652901536e-24
3117,-3.73932295625286e-24
3118,-3.74600808007943e-24
3119,-3.75215949296614e-24
3120,-3.7615885195939e-24
3121,-3.78614892590771e-24
3122,-3.78634860321384e-24
3123,-3.78724940044141e-24
3124,-3.79270666519116e-24
3125,-3.80687713756588e-24
3126,-3.83470914605072e-24
3127,-3.83571958910034e-24
3128,-3.88768813414675e-24
3129,-3.89122244228099e-24
3130,-3.91005504842177e-24
3131,-3.9117516628116e-24
3132,-3.91877563777792e-24
3133,-3.919973754506e-24
3134,-3.96010847509729e-24
3135,-3.97843680114747e-24
3136,-3.98337805719779e-24
3137,-3.99698050496562e-24
3138,-4.00671549778696e-24
3139,-4.03026487914656e-24
3140,-4.06437841906788e-24
3141,-4.06652176766503e-24
3142,-4.09515173821785e-24
3143,-4.12301582473358e-24
3144,-4.1398078989282e-24
3145,-4.15023881936235e-24
3146,-4.17594531954317e-24
3147,-4.17888737121869e-24
3148,-4.18577281739407e-24
3149,-4.18675360829586e-24
3150,-4.19232585780893e-24
3151,-4.1972977805273e-24
3152,-4.19857552922051e-24
3153,-4.20944191085517e-24
3154,-4.25629109887589e-24
3155,-4.25796447828836e-24
3156,-4.26075953364584e-24
3157,-4.2666234856565e-24
3158,-4.26848836793601e-24
3159,-4.30461933050592e-24
3160,-4.3300208571014e-24
3161,-4.35433768957243e-24
3162,-4.37692914599815e-24
3163,-4.37957323472452e-24
3164,-4.39009011902516e-24
3165,-4.39303021793625e-24
3166,-4.41390727183248e-24
3167,-4.41811017458454e-24
3168,-4.47057781431803e-24
3169,-4.47861141457854e-24
3170,-4.48672275373742e-24
3171,-4.52337289242692e-24
3172,-4.52498052298405e-24
3173,-4.53060495953801e-24
3174,-4.55731739930665e-24
3175,-4.56223829030595e-24
3176,-4.56528227978933e-24
3177,-4.57207507527322e-24
3178,-4.5754963571105e-24
3179,-4.59613084266826e-24
3180,-4.59837090257612e-24
3181,-4.61300869191581e-24
3182,-4.6303109899644e-24
3183,-4.67614324326842e-24
3184,-4.70051918037209e-24
3185,-4.73856671250966e-24
3186,-4.75754376931852e-24
3187,-4.79390178156252e-24
3188,-4.80830524920539e-24
3189,-4.83050562575129e-24
3190,-4.8368356666667e-24
3191,-4.88336056420421e-24
3192,-4.88664674572045e-24
3193,-4.88665952091661e-24
3194,-4.92866464812174e-24
3195,-4.93888345259366e-24
3196,-4.95617749309785e-24
3197,-4.96505906744116e-24
3198,-4.96546441583781e-24
3199,-4.97043776340436e-24
3200,-4.98754900056178e-24
3201,-4.9987848797406e-24
3202,-5.034165297541e-24
3203,-5.06607708760927e-24
3204,-5.07565353785275e-24
3205,-5.12368838725131e-24
3206,-5.15972540132876e-24
3207,-5.16336605634143e-24
3208,-5.17687654867778e-24
3209,-5.23719094255608e-24
3210,-5.24000183698971e-24
3211,-5.25760198250921e-24
3212,-5.27338251998205e-24
3213,-5.27496764183496e-24
3214,-5.28024154686348e-24
3215,-5.28952531167763e-24
3216,-5.30105650184587e-24
3217,-5.33027963440845e-24
3218,-5.33310850807081e-24
3219,-5.35907069258825e-24
3220,-5.38133674355686e-24
3221,-5.42516046333611e-24
3222,-5.46274267148914e-24
3223,-5.50051574263186e-24
3224,-5.52858699300773e-24
3225,-5.52940577109988e-24
3226,-5.58865733460611e-24
3227,-5.59811632265967e-24
3228,-5.60796322236802e-24
3229,-5.65364232191749e-24
3230,-5.68658044857817e-24
3231,-5.69604483782881e-24
3232,-5.72993802828286e-24
3233,-5.75135206029097e-24
3234,-5.75330667524895e-24
3235,-5.77176034934219e-24
3236,-5.77972590519701e-24
3237,-5.82055857894826e-24
3238,-5.85434548258891e-24
3239,-5.86815473672406e-24
3240,-5.8705852855367e-24
3241,-5.88917685853298e-24
3242,-5.90613324285165e-24
3243,-5.90855020973511e-24
3244,-5.92138062250183e-24
3245,-5.92673316788423e-24
3246,-5.93368623514616e-24
3247,-5.95327268787732e-24
3248,-5.97262232411367e-24
3249,-5.99721176265677e-24
3250,-6.02030752066277e-24
3251,-6.0952605291495e-24
3252,-6.0954062186541e-24
3253,-6.12257652880084e-24
3254,-6.19266996941895e-24
3255,-6.24006901536928e-24
3256,-6.26169177342185e-24
3257,-6.27158787522864e-24
3258,-6.27334703032262e-24
3259,-6.34008194562702e-24
3260,-6.37622362329848e-24
3261,-6.37639813900708e-24
3262,-6.41751271618762e-24
3263,-6.43267309328531e-24
3264,-6.47522082414501e-24
3265,-6.49665994952189e-24
3266,-6.52099056822921e-24
3267,-6.54067813461068e-24
3268,-6.54226565043008e-24
3269,-6.58152780453315e-24
3270,-6.62262548275966e-24
3271,-6.62759665167235e-24
3272,-6.74409365929946e-24
3273,-6.75337395169164e-24
3274,-6.7747579341614e-24
3275,-6.78430528438133e-24
3276,-6.81195241525818e-24
3277,-6.83896628979894e-24
3278,-6.86486466820412e-24
3279,-6.92688272008559e-24
3280,-6.93153424091457e-24
3281,-6.94374916395921e-24
3282,-6.99302053758642e-24
3283,-7.00228505121493e-24
3284,-7.04161616918078e-24
3285,-7.06288627254274e-24
3286,-7.1029355917269e-24
3287,-7.10331504049105e-24
3288,-7.10570320951797e-24
3289,-7.16333765322986e-24
3290,-7.17697695373597e-24
3291,-7.2098454474915e-24
3292,-7.22033626546749e-24
3293,-7.28992013465818e-24
3294,-7.29567702372062e-24
3295,-7.30833392554348e-24
3296,-7.35775572350255e-24
3297,-7.39671439108396e-24
3298,-7.44025246688766e-24
3299,-7.49008465037468e-24
3300,-7.49449715033891e-24
3301,-7.51424973166542e-24
3302,-7.52155274228741e-24
3303,-7.55400963564691e-24
3304,-7.55437832590047e-24
3305,-7.58518871938414e-24
3306,-7.59209801962471e-24
3307,-7.70171963774999e-24
3308,-7.70376757301921e-24
3309,-7.71303429350564e-24
3310,-7.71995005113762e-24
3311,-7.72555452711696e-24
3312,-7.77494185879734e-24
3313,-7.86823508066796e-24
3314,-7.89400939237255e-24
3315,-7.93257480409918e-24
3316,-7.93875893222882e-24
3317,-7.94439505430709e-24
3318,-7.96449492476707e-24
3319,-7.98494864223018e-24
3320,-8.04361306335896e-24
3321,-8.06064785669609e-24
3322,-8.1403494796313e-24
3323,-8.1559380990673e-24
3324,-8.35810446020941e-24
3325,-8.39672992818822e-24
3326,-8.43477715882753e-24
3327,-8.44079934411793e-24
3328,-8.44150780701267e-24
3329,-8.4773069996973e-24
3330,-8.56048463175865e-24
3331,-8.61965361679135e-24
3332,-8.70495070584251e-24
3333,-8.73904393218252e-24
3334,-8.79474982435473e-24
3335,-8.80540913286576e-24
3336,-8.818657038763e-24
3337,-8.87343169399748e-24
3338,-8.90630706997563e-24
3339,-8.91176412670122e-24
3340,-8.91988140162461e-24
3341,-8.93092834750725e-24
3342,-8.94917348567454e-24
3343,-9.00870673549675e-24
3344,-9.06308382339363e-24
3345,-9.08954811452374e-24
3346,-9.09649250000203e-24
3347,-9.14737101142683e-24
3348,-9.15528110178959e-24
3349,-9.1764232559519e-24
3350,-9.19371906286909e-24
3351,-9.20632853709669e-24
3352,-9.24095104131802e-24
3353,-9.3940726586383e-24
3354,-9.40840143076375e-24
3355,-9.42087115729346e-24
3356,-9.42595673512191e-24
3357,-9.53358215026867e-24
3358,-9.58859913955876e-24
3359,-9.59160087492704e-24
3360,-9.71783118602313e-24
3361,-9.79020948628799e-24
3362,-9.89744722887446e-24
3363,-9.9244596297624e-24
3364,-9.93538284825221e-24
3365,-9.95997884151921e-24
3366,-9.96408395604159e-24
3367,-9.97581290489456e-24
3368,-9.9779893757714e-24
3369,-1.00954866712088e-23
3370,-1.01129745806673e-23
3371,-1.0146727100824e-23
3372,-1.01561777111588e-23
3373,-1.01681743972193e-23
3374,-1.0198293090031e-23
3375,-1.03076036302485e-23
3376,-1.03151632237476e-23
3377,-1.04381283630908e-23
3378,-1.04461983643414e-23
3379,-1.04981439694556e-23
3380,-1.05788617896956e-23
3381,-1.05849075860332e-23
3382,-1.0585611574505e-23
3383,-1.06115795834476e-23
3384,-1.0624713266535e-23
3385,-1.06445117678418e-23
3386,-1.06713520432926e-23
3387,-1.0821200445637e-23
3388,-1.0838580053401e-23
3389,-1.1028780623556e-23
3390,-1.10494439986788e-23
3391,-1.12254701821381e-23
3392,-1.12317721247943e-23
3393,-1.12444729262826e-23
3394,-1.12448031322549e-23
3395,-1.12781722584133e-23
3396,-1.13662680305853e-23
3397,-1.13869632878088e-23
3398,-1.14086994391272e-23
3399,-1.14314807595627e-23
3400,-1.14327158309787e-23
3401,-1.14805426175835e-23
3402,-1.14935966091922e-23
3403,-1.16011201644525e-23
3404,-1.16326130184748e-23
3405,-1.1675241076898e-23
3406,-1.17122315558568e-23
3407,-1.17191582417235e-23
3408,-1.17213080598526e-23
3409,-1.17276616877919e-23
3410,-1.17637649626624e-23
3411,-1.21108808951901e-23
3412,-1.22065296440228e-23
3413,-1.224387265125e-23
3414,-1.22676975881073e-23
3415,-1.22939785912653e-23
3416,-1.23817162313897e-23
3417,-1.25307992647683e-23
3418,-1.2573960146268e-23
3419,-1.27684832784488e-23
3420,-1.27757470929043e-23
3421,-1.27792340304818e-23
3422,-1.27849621168011e-23
3423,-1.2855673918904e-23
3424,-1.29073323674796e-23
3425,-1.29570716630415e-23
3426,-1.29670220931079e-23
3427,-1.29750215255475e-23
3428,-1.30675631515723e-23
3429,-1.31866164194506e-23
3430,-1.31980209523071e-23
3431,-1.32669135538141e-23
3432,-1.33926971694828e-23
3433,-1.34173535564049e-23
3434,-1.34506324756303e-23
3435,-1.34533349854764e-23
3436,-1.34590955941742e-23
3437,-1.35286753623746e-23
3438,-1.35641300699317e-23
3439,-1.35790097289489e-23
3440,-1.35912705654875e-23
3441,-1.36401883852216e-23
3442,-1.36498180648349e-23
3443,-1.36693338446818e-23
3444,-1.37981661648318e-23
3445,-1.38283568460019e-23
3446,-1.39088847346992e-23
3447,-1.395281859922e-23
3448,-1.40258722324999e-23
3449,-1.40452096516999e-23
3450,-1.40613248565e-23
3451,-1.42251878853998e-23
3452,-1.42455167918729e-23
3453,-1.4295358132862e-23
3454,-1.43119704289388e-23
3455,-1.43378300941983e-23
3456,-1.43591961376208e-23
3457,-1.44890485680459e-23
3458,-1.45679446375824e-23
3459,-1.47917548015132e-23
3460,-1.4912454812782e-23
3461,-1.50486508428844e-23
3462,-1.50811891268999e-23
3463,-1.51263390748053e-23
3464,-1.51314829745267e-23
3465,-1.52509430916345e-23
3466,-1.53490116590351e-23
3467,-1.54536562653486e-23
3468,-1.55574942203605e-23
3469,-1.55747951478358e-23
3470,-1.57200050965929e-23
3471,-1.57693480359477e-23
3472,-1.58253371494796e-23
3473,-1.58886751103256e-23
3474,-1.59031553371952e-23
3475,-1.60455340330118e-23
3476,-1.62129157509386e-23
3477,-1.62958719655238e-23
3478,-1.63633161377426e-23
3479,-1.65144601578286e-23
3480,-1.67041341313041e-23
3481,-1.67904132734148e-23
3482,-1.69198408356727e-23
3483,-1.69225309504099e-23
3484,-1.6972114352289e-23
3485,-1.69914074104092e-23
3486,-1.71160677487112e-23
3487,-1.7128275186306e-23
3488,-1.72687421846289e-23
3489,-1.738448715006e-23
3490,-1.74261829220216e-23
3491,-1.74722809775961e-23
3492,-1.76046306422201e-23
3493,-1.7721805093258e-23
3494,-1.7818830279274e-23
3495,-1.78441490408665e-23
3496,-1.79151738129358e-23
3497,-1.79212276541127e-23
3498,-1.8040779285469e-23
3499,-1.81869106782813e-23
3500,-1.82202192172867e-23
3501,-1.82417321833093e-23
3502,-1.83593413855556e-23
3503,-1.86097417803377e-23
3504,-1.87358866548747e-23
3505,-1.88301026749799e-23
3506,-1.90136930512269e-23
3507,-1.93328362504158e-23
3508,-1.93447499587537e-23
3509,-1.94375848279814e-23
3510,-1.95488827080702e-23
3511,-1.97367003975022e-23
3512,-1.97838557835785e-23
3513,-1.99552960650668e-23
3514,-2.01147121128973e-23
3515,-2.0148317186314e-23
3516,-2.02090212632228e-23
3517,-2.03163097005158e-23
3518,-2.04341405675e-23
3519,-2.04918520367322e-23
3520,-2.07763280554378e-23
3521,-2.11757109444075e-23
3522,-2.12155493620623e-23
3523,-2.12237801897355e-23
3524,-2.12876210346966e-23
3525,-2.14802218615563e-23
3526,-2.16123138391357e-23
3527,-2.16243080532205e-23
3528,-2.1652987014021e-23
3529,-2.16990944216941e-23
3530,-2.18046501098257e-23
3531,-2.18725091102829e-23
3532,-2.19257858685619e-23
3533,-2.21965252584056e-23
3534,-2.24577916578804e-23
3535,-2.24931892891157e-23
3536,-2.26100809637957e-23
3537,-2.26967797436668e-23
3538,-2.28873650114995e-23
3539,-2.33077850133332e-23
3540,-2.33457730215443e-23
3541,-2.33468017311826e-23
3542,-2.34850298946468e-23
3543,-2.37954514022472e-23
3544,-2.38382804122435e-23
3545,-2.38670265069224e-23
3546,-2.38802355846128e-23
3547,-2.41395210878649e-23
3548,-2.45360442610311e-23
3549,-2.45881953667046e-23
3550,-2.46792344452422e-23
3551,-2.49521647288802e-23
3552,-2.49742009443964e-23
3553,-2.53357826986039e-23
3554,-2.5609793137578e-23
3555,-2.57201430279205e-23
3556,-2.57378577076379e-23
3557,-2.58035553716358e-23
3558,-2.58789962705579e-23
3559,-2.5916322174839e-23
3560,-2.59257061262677e-23
3561,-2.60146058405315e-23
3562,-2.62024271435704e-23
3563,-2.66706426487556e-23
3564,-2.67426081273476e-23
3565,-2.67961755124087e-23
3566,-2.70331259590407e-23
3567,-2.72445166265062e-23
3568,-2.73246120012362e-23
3569,-2.7379922623811e-23
3570,-2.79028002132172e-23
3571,-2.79121628115146e-23
3572,-2.80374798672313e-23
3573,-2.84666313373045e-23
3574,-2.86443283523948e-23
3575,-2.86966631267209e-23
3576,-2.88825855600641e-23
3577,-2.94634630617643e-23
3578,-2.94720754578538e-23
3579,-2.98479576577508e-23
3580,-2.99327478290884e-23
3581,-3.01405689116095e-23
3582,-3.02549759968127e-23
3583,-3.03336177744717e-23
3584,-3.04201698811678e-23
3585,-3.06595605790223e-23
3586,-3.13501059700872e-23
3587,-3.14246824801515e-23
3588,-3.16452023099439e-23
3589,-3.17232161726501e-23
3590,-3.18419450324315e-23
3591,-3.20725098504656e-23
3592,-3.21523640529862e-23
3593,-3.25824537202447e-23
3594,-3.26032963351939e-23
3595,-3.27595746872521e-23
3596,-3.29173066920385e-23
3597,-3.29660961346295e-23
3598,-3.32907304094837e-23
3599,-3.3531978358177e-23
3600,-3.37896774283974e-23
3601,-3.38676253265069e-23
3602,-3.39624121628609e-23
3603,-3.40088299404763e-23
3604,-3.41065411537251e-23
3605,-3.41100988732648e-23
3606,-3.49539225409163e-23
3607,-3.54677621643994e-23
3608,-3.5786787962966e-23
3609,-3.58290400707965e-23
3610,-3.61267239835545e-23
3611,-3.63263083428097e-23
3612,-3.64830740179926e-23
3613,-3.67902905107304e-23
3614,-3.74800243007762e-23
3615,-3.76564735855844e-23
3616,-3.81029155603987e-23
3617,-3.83316496071922e-23
3618,-3.8472224873725e-23
3619,-3.86109794271451e-23
3620,-3.87135416519896e-23
3621,-3.87173285678085e-23
3622,-3.93608126193983e-23
3623,-3.93671027047828e-23
3624,-3.94393905935416e-23
3625,-4.01221695589402e-23
3626,-4.04917624841775e-23
3627,-4.06243418741033e-23
3628,-4.09912517305135e-23
3629,-4.12987395575407e-23
3630,-4.13353397038456e-23
3631,-4.18630979663909e-23
3632,-4.18794827487414e-23
3633,-4.19019736195395e-23
3634,-4.1950206810958e-23
3635,-4.20438777607968e-23
3636,-4.29046886883164e-23
3637,-4.2953977373832e-23
3638,-4.29651514437338e-23
3639,-4.29836787211413e-23
3640,-4.34714949747561e-23
3641,-4.40110953626668e-23
3642,-4.41551110188199e-23
3643,-4.45207293634799e-23
3644,-4.47571528260863e-23
3645,-4.49158781554919e-23
3646,-4.53975956158521e-23
3647,-4.57581489855753e-23
3648,-4.58257590697304e-23
3649,-4.61029164414299e-23
3650,-4.67667255922144e-23
3651,-4.69354194848932e-23
3652,-4.72405491116331e-23
3653,-4.77879893857322e-23
3654,-4.78558465893179e-23
3655,-4.83936908745517e-23
3656,-4.85753893899687e-23
3657,-4.89476911654365e-23
3658,-4.94006731311889e-23
3659,-4.95255208222689e-23
3660,-4.98472591282192e-23
3661,-4.9880600570969e-23
3662,-5.0415698198894e-23
3663,-5.11603338544931e-23
3664,-5.16364042466873e-23
3665,-5.1914271008385e-23
3666,-5.19313314426656e-23
3667,-5.22522346997502e-23
3668,-5.22974152282699e-23
3669,-5.29038009371546e-23
3670,-5.35354064186118e-23
3671,-5.36759729834254e-23
3672,-5.5109291573538e-23
3673,-5.53339670938486e-23
3674,-5.56483764987186e-23
3675,-5.63139241907259e-23
3676,-5.65600729647611e-23
3677,-5.68744782306498e-23
3678,-5.82262370012185e-23
3679,-5.82734879640133e-23
3680,-5.88566842564887e-23
3681,-5.90270251257197e-23
3682,-6.02565199252309e-23
3683,-6.07616217075333e-23
3684,-6.08035947383436e-23
3685,-6.12457494921735e-23
3686,-6.32076274969254e-23
3687,-6.33208970095443e-23
3688,-6.36140810580997e-23
3689,-6.38756359150385e-23
3690,-6.42781541246466e-23
3691,-6.44847113131784e-23
3692,-6.55768276465469e-23
3693,-6.57466668583723e-23
3694,-6.58433199682043e-23
3695,-6.6176916780717e-23
3696,-6.63533822143886e-23
3697,-6.7468283093108e-23
3698,-6.81117477327346e-23
3699,-6.86687224347214e-23
3700,-6.88113583327403e-23
3701,-7.0121289887103e-23
3702,-7.01861091919894e-23
3703,-7.09578805946718e-23
3704,-7.22812344144078e-23
3705,-7.32718981048029e-23
3706,-7.45702485983064e-23
3707,-7.52000080193126e-23
3708,-7.57229107408784e-23
3709,-7.69442613844749e-23
3710,-7.87188718103727e-23
3711,-7.90391449863233e-23
3712,-7.95360010467369e-23
3713,-8.09683730558518e-23
3714,-8.30158616784366e-23
3715,-8.36249358433974e-23
3716,-8.7780989745601e-23
3717,-9.28694322278083e-23
3718,-9.62414897845893e-23
3719,-9.63604507607934e-23
3720,-9.77852759290862e-23
3721,-1.0254809704154e-22
