1,0.999999999999949
2,0.999999999999851
3,0.999999999999561
4,0.999999999998285
5,0.999999999997617
6,0.99999999999636
7,0.999999999993523
8,0.999999999988685
9,0.999999999986425
10,0.999999999974631
11,0.999999999953291
12,0.999999999951364
13,0.999999999918949
14,0.999999999882165
15,0.999999999828954
16,0.999999999767099
17,0.999999999680058
18,0.999999999623908
19,0.999999999486926
20,0.999999999227721
21,0.999999999135074
22,0.999999998867473
23,0.999999998332065
24,0.999999997589224
25,0.999999997360408
26,0.999999996836496
27,0.999999995821046
28,0.999999995293787
29,0.999999994223529
30,0.999999990643355
31,0.999999987370947
32,0.999999986466759
33,0.999999985164896
34,0.999999977909951
35,0.999999976350309
36,0.999999967526344
37,0.99999996191006
38,0.999999954289026
39,0.999999944236845
40,0.999999931013663
41,0.999999916551445
42,0.999999902029878
43,0.999999876810736
44,0.999999860277625
45,0.999999829240495
46,0.999999789463873
47,0.999999743886647
48,0.99999969015597
49,0.999999673879412
50,0.999999516753507
51,0.999999487301397
52,0.999999425240752
53,0.999999222756973
54,0.999999160276879
55,0.999999104553096
56,0.999998926251613
57,0.999998839052071
58,0.999998591204017
59,0.999998419056624
60,0.999997881882363
61,0.999997698920792
62,0.999997248043929
63,0.99999676219293
64,0.999996279539245
65,0.999995277329688
66,0.999994808890934
67,0.999993760162461
68,0.999993022912521
69,0.999992623189451
70,0.999991199156288
71,0.999989864396772
72,0.999988819352344
73,0.999988067270774
74,0.999984406334556
75,0.999984368762755
76,0.99998269222994
77,0.999978420169378
78,0.999975484728124
79,0.999973659264616
80,0.999972695570714
81,0.999966242893122
82,0.999955314744903
83,0.999950618540585
84,0.999945954858802
85,0.999938406349276
86,0.999929960556628
87,0.999926810328609
88,0.999908438261356
89,0.999902630601205
90,0.999891009489351
91,0.999878376430704
92,0.999873503307017
93,0.999849105990476
94,0.999834203764004
95,0.999824471979108
96,0.999810401976994
97,0.999780005534334
98,0.999753258880711
99,0.999723287188403
100,0.999699498266557
101,0.999653725705814
102,0.999633010154234
103,0.999560587841993
104,0.999535771657609
105,0.999453737237535
106,0.999395175228523
107,0.99934765505944
108,0.999239916615681
109,0.999208020110457
110,0.999150690102383
111,0.999091678794884
112,0.999015849293689
113,0.9989137504265
114,0.998781937715419
115,0.99850271099524
116,0.998450116020402
117,0.998344281379841
118,0.998046249097768
119,0.997737597962097
120,0.997669385688129
121,0.997534919337883
122,0.99732906730443
123,0.997199969563829
124,0.996987406632496
125,0.99649243214746
126,0.996217519460683
127,0.996036819324757
128,0.995686440243994
129,0.995603776549379
130,0.995203249342078
131,0.994458594782176
132,0.993679037350455
133,0.993487646685505
134,0.992965965796053
135,0.992257088199911
136,0.991630105990338
137,0.990663677590907
138,0.990018609802584
139,0.98874826834586
140,0.988374161717268
141,0.987915866546617
142,0.986684292150702
143,0.985136770190332
144,0.982073806803443
145,0.981793188479232
146,0.981726267963699
147,0.980825518468787
148,0.978398824564365
149,0.977423648453802
150,0.976730149506524
151,0.975175829276076
152,0.971272844974193
153,0.969271417318814
154,0.968047075554014
155,0.965903053855544
156,0.965516243416432
157,0.96403959596864
158,0.962033105823738
159,0.957622167430759
160,0.953827710987207
161,0.948418756918793
162,0.946898795664973
163,0.945188580756094
164,0.938556339114819
165,0.93439241573148
166,0.93314573521035
167,0.930346261333932
168,0.924852356265436
169,0.918576814090073
170,0.913761608923357
171,0.910202868922724
172,0.902601530480768
173,0.897328107009984
174,0.894305452210777
175,0.888312757186347
176,0.884471581014077
177,0.871393986475208
178,0.867963434989829
179,0.861871368140072
180,0.855861260928855
181,0.853834911473233
182,0.837823807602717
183,0.834632464793628
184,0.831238518503813
185,0.821745165246374
186,0.817125525121607
187,0.803319282891776
188,0.799436443757073
189,0.79061739385516
190,0.775658545282907
191,0.770394807954421
192,0.754471243902257
193,0.746223543330589
194,0.728615925406237
195,0.724291728937622
196,0.710979144765485
197,0.706590227683086
198,0.700600999910202
199,0.674217850023172
200,0.671134289123646
201,0.660406133759029
202,0.657160374474885
203,0.645597925416507
204,0.63755363735119
205,0.614290604799388
206,0.594536979119587
207,0.578049581433615
208,0.571871925942114
209,0.563569501054745
210,0.555215470078206
211,0.546914621979325
212,0.528652150497405
213,0.515251549396655
214,0.511775850147913
215,0.495372374578978
216,0.487362688460249
217,0.474963184776516
218,0.453298327148551
219,0.446523619226926
220,0.44252861184753
221,0.434518427110829
222,0.415884167496471
223,0.404245958136341
224,0.393792330765683
225,0.377973301285482
226,0.364467377457549
227,0.359764842753459
228,0.33243988853091
229,0.328663017439213
230,0.315694274613611
231,0.308130582295628
232,0.300497915090082
233,0.290486850629464
234,0.285182678062076
235,0.270683799469939
236,0.262574521306964
237,0.257551715426441
238,0.234578714827918
239,0.232475108221798
240,0.224095360408428
241,0.219799417996663
242,0.208508985527658
243,0.198197771795576
244,0.191968932803558
245,0.188521115980712
246,0.179705876498523
247,0.17493919510456
248,0.169288601726768
249,0.157706482250342
250,0.152201273464038
251,0.143395463212013
252,0.140157135103497
253,0.132230710824314
254,0.125613813290272
255,0.120762115238365
256,0.119804507799897
257,0.111502927267848
258,0.10460251313284
259,0.101791860400525
260,0.0979153194407887
261,0.0935063758329361
262,0.085553315737251
263,0.0820031116178887
264,0.079083118752639
265,0.0743470591175886
266,0.0722244092819609
267,0.0695217740738408
268,0.0688025987875893
269,0.0643841962094772
270,0.0596415973524252
271,0.0575047311989445
272,0.0539562363928823
273,0.0515874849153705
274,0.0481473518133641
275,0.0450508276368751
276,0.0430092502860428
277,0.0387088998882418
278,0.0386130573134772
279,0.0361813912952859
280,0.0355751894834954
281,0.0346335215934648
282,0.0328074852451925
283,0.0308976804438937
284,0.0285959842894279
285,0.0273268360169167
286,0.0258425241822792
287,0.0248307127721203
288,0.0236544393233155
289,0.021575380840385
290,0.0202045593878898
291,0.0194892371801382
292,0.0178933861807854
293,0.0173167378184583
294,0.0171444391967652
295,0.0155530232284023
296,0.0154633326630679
297,0.0138313429706785
298,0.0129856215134067
299,0.0122414268057626
300,0.0118224951627797
301,0.0113991125155555
302,0.0108874726513274
303,0.0096940181829425
304,0.00891583851447593
305,0.00881598417193782
306,0.0081391890478447
307,0.007531601688757
308,0.00728888204067929
309,0.00695969577807342
310,0.00649846055827348
311,0.0062784957406457
312,0.00566736066699162
313,0.00542081757353934
314,0.00511652193528993
315,0.00479070079137425
316,0.0044753471115766
317,0.00421722719331429
318,0.00413718738811113
319,0.00386992161798012
320,0.0036095786763904
321,0.00336525778531173
322,0.00315867136237841
323,0.00309613852887836
324,0.00288693680629486
325,0.00276877414295398
326,0.00253163108781863
327,0.00243055406480371
328,0.00228054957406728
329,0.00224585112031212
330,0.00198941665826992
331,0.00184351639271166
332,0.00161544293558563
333,0.00157829306936476
334,0.00146491319394168
335,0.0013868925450134
336,0.00135839199250082
337,0.00125904127988353
338,0.00114894041945641
339,0.00110973093104638
340,0.00105201358823736
341,0.000970544430670359
342,0.000920739629440239
343,0.000854349346981244
344,0.000838536080472523
345,0.000776126192811674
346,0.000720778656456371
347,0.000699034333725514
348,0.000613920215418155
349,0.000590831513831496
350,0.00055582100530368
351,0.000503522270861521
352,0.000491671842780509
353,0.000447975565087344
354,0.000435158549353128
355,0.000412564556167885
356,0.000387433505193401
357,0.000377869636085406
358,0.000327567280822237
359,0.000305778779476964
360,0.000297258511600552
361,0.000288567585857094
362,0.000279475265833066
363,0.000236513261791441
364,0.000216692683011535
365,0.000206837772098217
366,0.000192390424312494
367,0.000187190049507537
368,0.000166311633182602
369,0.000155665874915454
370,0.000152168651989428
371,0.000145267491148806
372,0.000133111551085996
373,0.000125487406667962
374,0.000121866156241951
375,0.000109962031081609
376,0.000108519203139448
377,9.90302698891787e-05
378,8.90496017686198e-05
379,8.03010733084314e-05
380,7.87370208698822e-05
381,7.40800316929197e-05
382,7.1368758444837e-05
383,6.70683767996562e-05
384,6.34819786966025e-05
385,5.65635189995552e-05
386,5.27026364329666e-05
387,4.99700252983575e-05
388,4.76534451076288e-05
389,4.62985419764051e-05
390,3.91820023755269e-05
391,3.66874407200885e-05
392,3.57908343161834e-05
393,3.43610685686341e-05
394,2.98325693875316e-05
395,2.80650893639018e-05
396,2.63290707467944e-05
397,2.44718766612665e-05
398,2.39277844339558e-05
399,2.24419292633983e-05
400,2.16157543465707e-05
401,1.948117571967e-05
402,1.83685809925434e-05
403,1.7428657923964e-05
404,1.68805626263724e-05
405,1.52154225305214e-05
406,1.49330323589104e-05
407,1.32023155545681e-05
408,1.21366490766987e-05
409,1.06776735424197e-05
410,1.01373900638415e-05
411,9.47304720000873e-06
412,9.21594733981716e-06
413,8.82030425719782e-06
414,8.16581945050046e-06
415,7.85762501094745e-06
416,6.85377645383441e-06
417,6.51123073306787e-06
418,6.11732997742e-06
419,5.75060666415523e-06
420,5.38046107972306e-06
421,5.32415958134224e-06
422,4.6864066541571e-06
423,4.48857827816492e-06
424,4.07867000541e-06
425,3.99194804463685e-06
426,3.75368167675472e-06
427,3.52457519193433e-06
428,3.3368301860912e-06
429,2.87002989606103e-06
430,2.63028818211893e-06
431,2.58099529326149e-06
432,2.45065941983455e-06
433,2.28730170811517e-06
434,2.14192419657025e-06
435,1.8968484604338e-06
436,1.64469459812234e-06
437,1.62843351749734e-06
438,1.58018598504141e-06
439,1.4684821556796e-06
440,1.43385886964705e-06
441,1.2820482807517e-06
442,1.15353824201868e-06
443,1.05339985208458e-06
444,1.01416490369878e-06
445,9.54142397152213e-07
446,8.55334270857781e-07
447,8.26239469062448e-07
448,7.88894437437401e-07
449,7.23904610558862e-07
450,6.98862285732124e-07
451,6.38722183922396e-07
452,6.02080903187708e-07
453,5.66253045757166e-07
454,5.47576799400919e-07
455,5.06550709473462e-07
456,4.84176763555274e-07
457,4.29358003388298e-07
458,4.17646757615891e-07
459,3.73042236659338e-07
460,3.5307288679348e-07
461,3.34139388946631e-07
462,3.08691692385184e-07
463,2.96325361161803e-07
464,2.7646319850948e-07
465,2.45715929313279e-07
466,2.0723843443762e-07
467,2.01551880525835e-07
468,1.90152829873267e-07
469,1.77833764590537e-07
470,1.75125106439464e-07
471,1.61361815271487e-07
472,1.54896275448596e-07
473,1.42709051074645e-07
474,1.19069064606882e-07
475,1.12318603502317e-07
476,1.11181859292296e-07
477,1.02343773807216e-07
478,9.36224213071644e-08
479,8.83029670216307e-08
480,8.45947247283279e-08
481,8.04452279315697e-08
482,7.14069001807932e-08
483,6.63853533370375e-08
484,6.33403014631771e-08
485,6.14756749304258e-08
486,5.7416402592282e-08
487,5.48155012154844e-08
488,4.99023341818028e-08
489,4.53842516922236e-08
490,4.33918031221068e-08
491,3.77045813159631e-08
492,3.72163092759255e-08
493,3.32091551469797e-08
494,3.22737473824338e-08
495,3.08608592693241e-08
496,2.89088699156298e-08
497,2.77410674145217e-08
498,2.26105000032717e-08
499,2.17441273916843e-08
500,2.14755599746069e-08
501,1.84399066182507e-08
502,1.77668346192271e-08
503,1.60900761540547e-08
504,1.53145991104544e-08
505,1.40421626629558e-08
506,1.284909088259e-08
507,1.24346531108681e-08
508,1.18319008009177e-08
509,1.14708986412358e-08
510,1.03450871750314e-08
511,9.40421654659626e-09
512,8.34164227844304e-09
513,8.28676821083383e-09
514,7.58714987436198e-09
515,7.19262544782792e-09
516,6.65568602707291e-09
517,6.57570657600267e-09
518,6.06879047274601e-09
519,5.08189601227428e-09
520,4.99050108983326e-09
521,4.81634911753632e-09
522,4.54172533932131e-09
523,4.28072553589647e-09
524,3.84173883595212e-09
525,3.42774165987684e-09
526,3.1365463133141e-09
527,2.94996356919522e-09
528,2.66205522594644e-09
529,2.50794084265798e-09
530,2.3791535296681e-09
531,2.26804116147302e-09
532,1.97481934160383e-09
533,1.89292977594662e-09
534,1.76359802321932e-09
535,1.64563238832461e-09
536,1.56838729602919e-09
537,1.4652266607606e-09
538,1.37863647262907e-09
539,1.23802710815031e-09
540,1.18545029295827e-09
541,1.04758347101344e-09
542,1.00036773082075e-09
543,9.91822827930456e-10
544,9.43302205698272e-10
545,8.52368186656787e-10
546,8.24863563441459e-10
547,7.49211700944522e-10
548,6.89965157257456e-10
549,6.34292441023771e-10
550,6.25124794020055e-10
551,5.57206405865016e-10
552,5.19425854802604e-10
553,4.88347398097379e-10
554,4.72775234041766e-10
555,4.03792077868671e-10
556,3.72394718682475e-10
557,3.42053127669736e-10
558,3.38151168949497e-10
559,2.98103096737712e-10
560,2.80776870796549e-10
561,2.45620727473869e-10
562,2.22911984139358e-10
563,2.20258153876118e-10
564,2.1575995212626e-10
565,1.87671162334304e-10
566,1.79458878262508e-10
567,1.73092386759732e-10
568,1.58478084202821e-10
569,1.4070953806887e-10
570,1.24985798982584e-10
571,1.18561049831369e-10
572,1.05387934832647e-10
573,1.04945581408809e-10
574,9.65433402478718e-11
575,9.1241782933842e-11
576,8.84457767512684e-11
577,8.72034638276903e-11
578,7.34583894965524e-11
579,6.93468590469187e-11
580,6.77070603971348e-11
581,6.63661185783753e-11
582,5.97805418946657e-11
583,5.75754200384653e-11
584,5.52217461864177e-11
585,4.95583227646164e-11
586,4.71511037791655e-11
587,4.66572466192843e-11
588,3.80717626986684e-11
589,3.42486392485764e-11
590,3.28112678822315e-11
591,2.85615207197994e-11
592,2.83467580998692e-11
593,2.60011313368478e-11
594,2.35437128352391e-11
595,2.26690020040829e-11
596,2.08980148023303e-11
597,1.91166760665553e-11
598,1.72517099010281e-11
599,1.59096867031366e-11
600,1.53491368044541e-11
601,1.36256704345759e-11
602,1.34895895482449e-11
603,1.28607314056863e-11
604,1.11857145091579e-11
605,1.05134055125051e-11
606,1.04413941294899e-11
607,9.21793906751438e-12
608,8.59782464401972e-12
609,8.00565044194986e-12
610,7.65102415843483e-12
611,6.22289793142676e-12
612,5.96549329104288e-12
613,5.76218720408445e-12
614,5.45021283128197e-12
615,5.12800418507955e-12
616,4.97640021337771e-12
617,4.8453448332581e-12
618,4.44864454574877e-12
619,4.17133059280737e-12
620,4.00821093379765e-12
621,3.79378712996927e-12
622,3.17298852881194e-12
623,2.96743846540147e-12
624,2.77889847842029e-12
625,2.55555002342575e-12
626,2.3928199283549e-12
627,2.25492718751165e-12
628,2.00352407380004e-12
629,1.87065393257935e-12
630,1.8233230679705e-12
631,1.49930872722821e-12
632,1.40030605115368e-12
633,1.30571878054787e-12
634,1.25092021248783e-12
635,1.13397284012168e-12
636,1.10624652155588e-12
637,1.02812121305929e-12
638,9.57013698416481e-13
639,8.61936910391562e-13
640,8.1946120577936e-13
641,7.77533288942862e-13
642,7.19014515848291e-13
643,6.71268717459917e-13
644,6.40653656408851e-13
645,5.94392508051652e-13
646,5.78746068345374e-13
647,5.42889142822493e-13
648,4.78059915479056e-13
649,4.52094232000146e-13
650,4.11318051740612e-13
651,3.74042544279575e-13
652,3.53543450308703e-13
653,3.39663051534244e-13
654,3.11181684766514e-13
655,2.94692774593534e-13
656,2.70426773393393e-13
657,2.63585477914766e-13
658,2.49761441090027e-13
659,2.2718805766278e-13
660,2.08962751884482e-13
661,1.93122498376686e-13
662,1.65859271700041e-13
663,1.59315875995818e-13
664,1.49923381642874e-13
665,1.28468999634294e-13
666,1.25033623449484e-13
667,1.15920279842492e-13
668,1.01198221055293e-13
669,9.73913293761869e-14
670,8.63538513626299e-14
671,8.15542005605461e-14
672,7.97848060772081e-14
673,7.23894847383399e-14
674,6.48017541825749e-14
675,6.06420238150156e-14
676,5.52017728933343e-14
677,5.39385312714958e-14
678,5.351778942374e-14
679,4.94846906945583e-14
680,4.49943199686168e-14
681,3.87842784408715e-14
682,3.86499595059945e-14
683,3.60056290932066e-14
684,3.46793445657038e-14
685,3.19990965103319e-14
686,3.14039502342725e-14
687,2.81199374047361e-14
688,2.49247519608708e-14
689,2.45119783850414e-14
690,2.15852782084788e-14
691,2.08362025505961e-14
692,2.00105434101875e-14
693,1.79763616016658e-14
694,1.76200960616688e-14
695,1.54015902863056e-14
696,1.51565475392734e-14
697,1.47846027927196e-14
698,1.39128029934138e-14
699,1.1873405309907e-14
700,1.01526456710505e-14
701,9.33035870870744e-15
702,8.81045718088244e-15
703,8.37498470778534e-15
704,8.10540143403431e-15
705,6.24972674579622e-15
706,6.23912090522894e-15
707,6.2095886459676e-15
708,5.94195625747887e-15
709,4.92926381557713e-15
710,4.43116563219451e-15
711,4.34942781284576e-15
712,4.26591368523624e-15
713,3.77180417657814e-15
714,3.07416859078686e-15
715,3.0473903988078e-15
716,2.98597115647029e-15
717,2.94004477314066e-15
718,2.80389160109333e-15
719,2.67209592738416e-15
720,2.56385170977878e-15
721,2.28419277035507e-15
722,2.20286247657356e-15
723,1.87795275637536e-15
724,1.87318713276876e-15
725,1.79423740538857e-15
726,1.68468935667379e-15
727,1.61465399385548e-15
728,1.36073679447584e-15
729,1.27678952356737e-15
730,1.27487411663464e-15
731,1.09680910026818e-15
732,1.0937323539156e-15
733,1.05742698108303e-15
734,1.02453952346612e-15
735,9.78137611895078e-16
736,9.77478782890031e-16
737,9.6624574064742e-16
738,9.58419007971484e-16
739,9.29709997602818e-16
740,9.215481933911e-16
741,9.17361296778476e-16
742,9.05962594169894e-16
743,8.8585164810396e-16
744,8.68080158334279e-16
745,8.56036206298488e-16
746,8.5123414839772e-16
747,8.49606405233379e-16
748,8.44449706098971e-16
749,8.39835929530729e-16
750,8.34581782318103e-16
751,8.34062026241859e-16
752,8.30924733180338e-16
753,8.20482418891904e-16
754,8.14976890855964e-16
755,8.10043491685155e-16
756,8.09197820927497e-16
757,7.98927584217405e-16
758,7.94725100889225e-16
759,7.83030456908907e-16
760,7.82739341262949e-16
761,7.82464541940873e-16
762,7.82254083344658e-16
763,7.80362861801517e-16
764,7.77332829677088e-16
765,7.75103206215162e-16
766,7.72699679133417e-16
767,7.67143605464983e-16
768,7.63538650697091e-16
769,7.57779769900953e-16
770,7.51860081052398e-16
771,7.50472106730193e-16
772,7.44048694617304e-16
773,7.34806425335811e-16
774,7.31842377657847e-16
775,7.24691348573195e-16
776,7.12793352282808e-16
777,7.11476246898195e-16
778,7.10866550542125e-16
779,7.07214363127496e-16
780,7.02414811863724e-16
781,6.94256364352167e-16
782,6.92852097608225e-16
783,6.88892500902024e-16
784,6.87386903109044e-16
785,6.86683572840658e-16
786,6.84592468638337e-16
787,6.83710464213314e-16
788,6.82948927585491e-16
789,6.79874504962363e-16
790,6.74211780201119e-16
791,6.72391899599038e-16
792,6.69454501402194e-16
793,6.67584357057964e-16
794,6.64027011543514e-16
795,6.59439727863417e-16
796,6.5440557818786e-16
797,6.54346569665809e-16
798,6.46162966343956e-16
799,6.46012801975122e-16
800,6.44308696050023e-16
801,6.43266600524584e-16
802,6.42991128408434e-16
803,6.41018802250969e-16
804,6.40878896987037e-16
805,6.33124524130474e-16
806,6.21964199616184e-16
807,6.19818336114023e-16
808,6.18674079556834e-16
809,6.16057710662685e-16
810,6.14709682494958e-16
811,6.13111220953409e-16
812,6.11828715893354e-16
813,6.10655028009174e-16
814,6.09889496639712e-16
815,6.0677757588041e-16
816,5.95891783833842e-16
817,5.94578673662656e-16
818,5.9290518460795e-16
819,5.89653577444935e-16
820,5.88583866312028e-16
821,5.8824800630263e-16
822,5.88100409572013e-16
823,5.88074815106943e-16
824,5.87815582724268e-16
825,5.82068477201921e-16
826,5.80845173200581e-16
827,5.76021089928058e-16
828,5.75835581375246e-16
829,5.74830097294246e-16
830,5.71236794224693e-16
831,5.68036466592027e-16
832,5.67787948613117e-16
833,5.63260949160186e-16
834,5.59486610120241e-16
835,5.5817716416974e-16
836,5.5808303494097e-16
837,5.5791383083317e-16
838,5.57007305007115e-16
839,5.5624940768202e-16
840,5.55287594255026e-16
841,5.5497282543795e-16
842,5.5358963416826e-16
843,5.52995931657392e-16
844,5.50536332378381e-16
845,5.49605465914874e-16
846,5.48950961876805e-16
847,5.4596352864323e-16
848,5.44605026524454e-16
849,5.44229335257484e-16
850,5.4301754984495e-16
851,5.39770880262403e-16
852,5.37659370223075e-16
853,5.36504154279061e-16
854,5.36310733112844e-16
855,5.27614418952291e-16
856,5.27379005700949e-16
857,5.25481385069343e-16
858,5.24782848803753e-16
859,5.23317619077462e-16
860,5.20065839550572e-16
861,5.19361843958026e-16
862,5.16893863946401e-16
863,5.15025012892775e-16
864,5.1374861917679e-16
865,5.13150938783937e-16
866,5.1306460240056e-16
867,5.12502513069992e-16
868,5.11855833967924e-16
869,5.08092432068937e-16
870,5.04325450801737e-16
871,5.04313023207602e-16
872,5.03486416992793e-16
873,5.02522891989733e-16
874,5.00689506823496e-16
875,4.98236793407069e-16
876,4.9776111093129e-16
877,4.92851060038684e-16
878,4.92201573461117e-16
879,4.92045409679967e-16
880,4.91498803724216e-16
881,4.90836329692877e-16
882,4.89831268068232e-16
883,4.85736899325466e-16
884,4.84425345231287e-16
885,4.83318777340536e-16
886,4.8145017426566e-16
887,4.80896149204163e-16
888,4.79134806566784e-16
889,4.78707342659738e-16
890,4.76281075760221e-16
891,4.75968389581846e-16
892,4.73856637207031e-16
893,4.73383166202275e-16
894,4.72250160130281e-16
895,4.70842011252455e-16
896,4.68485801056209e-16
897,4.6597821715012e-16
898,4.64255161433614e-16
899,4.64198010318869e-16
900,4.63665096347429e-16
901,4.63496276694263e-16
902,4.6249335192175e-16
903,4.59070001724552e-16
904,4.57394813904279e-16
905,4.5560634181095e-16
906,4.55207574732008e-16
907,4.55053476467117e-16
908,4.5465501799153e-16
909,4.49465041994999e-16
910,4.48311538108496e-16
911,4.47450475397953e-16
912,4.46987585090265e-16
913,4.46737826044191e-16
914,4.45792976908882e-16
915,4.45731270025181e-16
916,4.44055916767029e-16
917,4.42970237915185e-16
918,4.42106020233187e-16
919,4.42102044850841e-16
920,4.40595048709861e-16
921,4.39953699111927e-16
922,4.39416653142503e-16
923,4.39154204941621e-16
924,4.38276324874922e-16
925,4.38072074900183e-16
926,4.37814693897301e-16
927,4.37516489633978e-16
928,4.36592002649426e-16
929,4.35478709035667e-16
930,4.35365367233729e-16
931,4.32170181778365e-16
932,4.30552897605147e-16
933,4.30234041184498e-16
934,4.29806044805779e-16
935,4.28712346915655e-16
936,4.26975614715739e-16
937,4.25703446458686e-16
938,4.25510561683947e-16
939,4.22169132438427e-16
940,4.21966431409307e-16
941,4.21333855534622e-16
942,4.17063188654816e-16
943,4.16966486575143e-16
944,4.13510781594617e-16
945,4.1306654078199e-16
946,4.13021406167144e-16
947,4.12990757273871e-16
948,4.10909563809869e-16
949,4.10337403580036e-16
950,4.08872617788605e-16
951,4.07651542256041e-16
952,4.07059267478723e-16
953,4.06849055864042e-16
954,4.03521306723609e-16
955,4.03010361553249e-16
956,4.02466751651753e-16
957,4.0232881527827e-16
958,4.02247404490953e-16
959,4.01152185459821e-16
960,4.01098922425944e-16
961,3.95247932448021e-16
962,3.95195364695069e-16
963,3.9487317043066e-16
964,3.94553225700211e-16
965,3.94076112896122e-16
966,3.93504476219199e-16
967,3.90651321314804e-16
968,3.89019181398113e-16
969,3.88191321278764e-16
970,3.86837688154533e-16
971,3.86433562530815e-16
972,3.85336820247076e-16
973,3.85281149439916e-16
974,3.85049188972716e-16
975,3.84843281655209e-16
976,3.84515003198198e-16
977,3.82774927210379e-16
978,3.81300791876772e-16
979,3.81025459647623e-16
980,3.80402425457417e-16
981,3.78517882077219e-16
982,3.77956660334303e-16
983,3.763602953225e-16
984,3.75852237081497e-16
985,3.74748028782435e-16
986,3.74426039233384e-16
987,3.73682244679063e-16
988,3.72794256874571e-16
989,3.72115371958491e-16
990,3.70700699710959e-16
991,3.68127499959847e-16
992,3.67963544778914e-16
993,3.678527242449e-16
994,3.66732494173178e-16
995,3.63221717710705e-16
996,3.62915083495983e-16
997,3.62495941036436e-16
998,3.61489642981023e-16
999,3.59451737531524e-16
1000,3.58950526927089e-16
1001,3.58891530232803e-16
1002,3.56572153546776e-16
1003,3.56361554492105e-16
1004,3.56175342249758e-16
1005,3.55185446627948e-16
1006,3.55127946622224e-16
1007,3.54674092440543e-16
1008,3.54611390425456e-16
1009,3.53205197890324e-16
1010,3.52558263773845e-16
1011,3.52265555387235e-16
1012,3.52083057494073e-16
1013,3.51763175380212e-16
1014,3.51120587976817e-16
1015,3.49397054660233e-16
1016,3.48957946250756e-16
1017,3.48917497857206e-16
1018,3.48321817666346e-16
1019,3.47906534581395e-16
1020,3.47196035106185e-16
1021,3.46919603039253e-16
1022,3.46304682210153e-16
1023,3.44995661901149e-16
1024,3.42773352016341e-16
1025,3.41446551788224e-16
1026,3.41154122529175e-16
1027,3.39186135296297e-16
1028,3.38846132194474e-16
1029,3.38221208677667e-16
1030,3.35145142361537e-16
1031,3.34592857112029e-16
1032,3.34448096921261e-16
1033,3.31973107388879e-16
1034,3.3158663115181e-16
1035,3.31381946530158e-16
1036,3.30343381774173e-16
1037,3.27611395472584e-16
1038,3.26152722214998e-16
1039,3.25741873245141e-16
1040,3.24216287579309e-16
1041,3.23962090246602e-16
1042,3.23688239222695e-16
1043,3.22845490245849e-16
1044,3.22623411011705e-16
1045,3.2209785974167e-16
1046,3.20778920222163e-16
1047,3.20691361468705e-16
1048,3.20393850924167e-16
1049,3.19539813258345e-16
1050,3.18688922460982e-16
1051,3.16895285203755e-16
1052,3.15852274747693e-16
1053,3.15392352151719e-16
1054,3.13981313678868e-16
1055,3.13788808573605e-16
1056,3.1284652229881e-16
1057,3.12354656094878e-16
1058,3.12029301708027e-16
1059,3.11324204592683e-16
1060,3.11142143173143e-16
1061,3.10188406664564e-16
1062,3.09941375983374e-16
1063,3.0905581594717e-16
1064,3.08272810476873e-16
1065,3.07177946181535e-16
1066,3.06743813782997e-16
1067,3.06571701763533e-16
1068,3.06032204785801e-16
1069,3.06010013784899e-16
1070,3.05389748601222e-16
1071,3.04843508538753e-16
1072,3.03503397845167e-16
1073,3.02982460180891e-16
1074,3.02385565968939e-16
1075,3.00374610466377e-16
1076,2.99674540777704e-16
1077,2.98900554578514e-16
1078,2.98547682244457e-16
1079,2.96841701959221e-16
1080,2.96784225839541e-16
1081,2.96455506783104e-16
1082,2.95403099291094e-16
1083,2.95187584186539e-16
1084,2.94069353593708e-16
1085,2.94017191730782e-16
1086,2.93932419965848e-16
1087,2.93538547317858e-16
1088,2.92577239512395e-16
1089,2.92392064378377e-16
1090,2.92219100506675e-16
1091,2.91462717304755e-16
1092,2.91361811444939e-16
1093,2.90244610092384e-16
1094,2.88708009780211e-16
1095,2.8812837468675e-16
1096,2.87779290259563e-16
1097,2.86977099017316e-16
1098,2.86548313834388e-16
1099,2.84384852982682e-16
1100,2.84200109837005e-16
1101,2.83604858848195e-16
1102,2.83137533600539e-16
1103,2.81994430481531e-16
1104,2.81728926544504e-16
1105,2.80580921951568e-16
1106,2.80339840107491e-16
1107,2.79062886172757e-16
1108,2.78480105399739e-16
1109,2.77358762491457e-16
1110,2.7652626468143e-16
1111,2.75251597473561e-16
1112,2.74317617699609e-16
1113,2.74118073381036e-16
1114,2.73952802865645e-16
1115,2.7321905659153e-16
1116,2.73045226747198e-16
1117,2.72585915678607e-16
1118,2.70119848192768e-16
1119,2.6950969368637e-16
1120,2.69085358907797e-16
1121,2.67882981184677e-16
1122,2.67753438993256e-16
1123,2.67509684105379e-16
1124,2.67034091268201e-16
1125,2.66698450470509e-16
1126,2.66694172024355e-16
1127,2.65884727365806e-16
1128,2.64918096028283e-16
1129,2.64730702392704e-16
1130,2.64617900447855e-16
1131,2.64490053509536e-16
1132,2.63751488730757e-16
1133,2.63339951646243e-16
1134,2.63129560941955e-16
1135,2.62714206070389e-16
1136,2.61826817232646e-16
1137,2.61012901270687e-16
1138,2.60319178948421e-16
1139,2.60027689011149e-16
1140,2.59850445671782e-16
1141,2.59561062777895e-16
1142,2.59008779566496e-16
1143,2.57866278662339e-16
1144,2.56319779431378e-16
1145,2.53961050272566e-16
1146,2.53709359064294e-16
1147,2.5335882387474e-16
1148,2.53136631308191e-16
1149,2.51873904985774e-16
1150,2.50967490885049e-16
1151,2.50691929054717e-16
1152,2.49766546547002e-16
1153,2.49412533202827e-16
1154,2.49232960721391e-16
1155,2.47262175165504e-16
1156,2.46979435714608e-16
1157,2.46034921341007e-16
1158,2.45884529525976e-16
1159,2.45041559663935e-16
1160,2.43441525213991e-16
1161,2.43213256349427e-16
1162,2.42380022924332e-16
1163,2.42054594859913e-16
1164,2.41709667672383e-16
1165,2.40957439138566e-16
1166,2.40328209737138e-16
1167,2.40317382046414e-16
1168,2.40182806307644e-16
1169,2.39127381550581e-16
1170,2.38794187464061e-16
1171,2.38299598327197e-16
1172,2.3791464361574e-16
1173,2.37758742867083e-16
1174,2.37501107553222e-16
1175,2.37281641503521e-16
1176,2.37249282902125e-16
1177,2.3648587588807e-16
1178,2.36063152303261e-16
1179,2.36060048162851e-16
1180,2.34371550383334e-16
1181,2.34195952112802e-16
1182,2.33392314723592e-16
1183,2.32748590590483e-16
1184,2.30815438670695e-16
1185,2.29669657583606e-16
1186,2.25888997086874e-16
1187,2.25678752129878e-16
1188,2.24825235145108e-16
1189,2.24539919098735e-16
1190,2.24365785089188e-16
1191,2.243300522224e-16
1192,2.24326258235862e-16
1193,2.23837857944783e-16
1194,2.23718165979406e-16
1195,2.23087682156632e-16
1196,2.21711337726677e-16
1197,2.20661233389009e-16
1198,2.2015070647909e-16
1199,2.19654524274643e-16
1200,2.19317142253635e-16
1201,2.18678626166744e-16
1202,2.18293860784379e-16
1203,2.18160169765918e-16
1204,2.18155420248461e-16
1205,2.17261466570831e-16
1206,2.16838569824449e-16
1207,2.15211588345359e-16
1208,2.1482342749e-16
1209,2.14777745080444e-16
1210,2.14246267008688e-16
1211,2.13882311537949e-16
1212,2.12418904256853e-16
1213,2.1132536898938e-16
1214,2.10860328443518e-16
1215,2.10540871239222e-16
1216,2.0984146804143e-16
1217,2.09533061150839e-16
1218,2.0949595798658e-16
1219,2.09242812066645e-16
1220,2.08376127704209e-16
1221,2.07910351743233e-16
1222,2.0649793000502e-16
1223,2.05718208782461e-16
1224,2.03979481878085e-16
1225,2.03157945546957e-16
1226,2.02219071563748e-16
1227,2.02077104727937e-16
1228,2.0204129386528e-16
1229,2.01434705657086e-16
1230,2.00879095923293e-16
1231,2.00005628145119e-16
1232,1.99708969912429e-16
1233,1.99188393850921e-16
1234,1.98713291406417e-16
1235,1.98479144834969e-16
1236,1.97789828954283e-16
1237,1.97778947711166e-16
1238,1.97523303140603e-16
1239,1.97063551236138e-16
1240,1.96634413396581e-16
1241,1.96551759716253e-16
1242,1.96337243396608e-16
1243,1.94943144715177e-16
1244,1.94791065071871e-16
1245,1.94680292330815e-16
1246,1.94407293621004e-16
1247,1.93671197841512e-16
1248,1.93021243804466e-16
1249,1.92943916512523e-16
1250,1.92651787673794e-16
1251,1.92337557248669e-16
1252,1.90863907986973e-16
1253,1.90543499128101e-16
1254,1.90380144157273e-16
1255,1.90307940665917e-16
1256,1.90028395231493e-16
1257,1.89828669105279e-16
1258,1.88776457401926e-16
1259,1.88305070248926e-16
1260,1.88244329261919e-16
1261,1.87885326959256e-16
1262,1.86681087080151e-16
1263,1.84831029019961e-16
1264,1.84614524717263e-16
1265,1.82813183927523e-16
1266,1.82149515229736e-16
1267,1.81797482891345e-16
1268,1.81583915235372e-16
1269,1.81450294992982e-16
1270,1.81356345399949e-16
1271,1.8025938362555e-16
1272,1.79393748055172e-16
1273,1.7901876636944e-16
1274,1.78979921826188e-16
1275,1.77207053329564e-16
1276,1.76727915807881e-16
1277,1.76501036734434e-16
1278,1.76395914405858e-16
1279,1.75862657242948e-16
1280,1.75580658157701e-16
1281,1.75445528684312e-16
1282,1.75090888528782e-16
1283,1.74505895814177e-16
1284,1.74397151745571e-16
1285,1.74218272113934e-16
1286,1.739361954197e-16
1287,1.73107751346797e-16
1288,1.72038823203376e-16
1289,1.71476955841542e-16
1290,1.71431236252922e-16
1291,1.70812614593481e-16
1292,1.70732078164799e-16
1293,1.70254576200275e-16
1294,1.70062985878227e-16
1295,1.69956418609076e-16
1296,1.6980427369078e-16
1297,1.69012690327823e-16
1298,1.68350713517531e-16
1299,1.67865194170351e-16
1300,1.67284050129344e-16
1301,1.67218215985596e-16
1302,1.66997175830555e-16
1303,1.66735149717324e-16
1304,1.65551072754869e-16
1305,1.65245312419966e-16
1306,1.65176817753053e-16
1307,1.65013336857253e-16
1308,1.6408064233458e-16
1309,1.62145003822837e-16
1310,1.60409549470043e-16
1311,1.60209995442253e-16
1312,1.5847159208018e-16
1313,1.5837216065253e-16
1314,1.58326169049472e-16
1315,1.57568568011233e-16
1316,1.56888403419055e-16
1317,1.565166564032e-16
1318,1.56468754079481e-16
1319,1.56401687237493e-16
1320,1.5575780960543e-16
1321,1.53905976986802e-16
1322,1.5381032340108e-16
1323,1.53696113091124e-16
1324,1.53104197010292e-16
1325,1.52755899693234e-16
1326,1.52718706958627e-16
1327,1.52123140502237e-16
1328,1.52117801607788e-16
1329,1.51342791618726e-16
1330,1.50801291070287e-16
1331,1.50716004230732e-16
1332,1.5068458583026e-16
1333,1.49379614230667e-16
1334,1.4917684264844e-16
1335,1.48832553068249e-16
1336,1.48830747916978e-16
1337,1.48648993900353e-16
1338,1.48205760759798e-16
1339,1.47762068956232e-16
1340,1.47188774806833e-16
1341,1.46470757165171e-16
1342,1.461915564743e-16
1343,1.44801615435457e-16
1344,1.44745836387632e-16
1345,1.4413766563433e-16
1346,1.4391262325528e-16
1347,1.43720380176073e-16
1348,1.43719763436482e-16
1349,1.43204966616072e-16
1350,1.42939376911635e-16
1351,1.42530135115299e-16
1352,1.42302314612201e-16
1353,1.42030967600105e-16
1354,1.41079774469861e-16
1355,1.41042594461268e-16
1356,1.40439454713537e-16
1357,1.40344637929838e-16
1358,1.39024185744655e-16
1359,1.38539884713643e-16
1360,1.38482306792202e-16
1361,1.38424735854155e-16
1362,1.3824535796063e-16
1363,1.37230321695358e-16
1364,1.37160236013332e-16
1365,1.36903460883961e-16
1366,1.35853989665052e-16
1367,1.35423770660739e-16
1368,1.34862687928068e-16
1369,1.34380481350601e-16
1370,1.3399533952341e-16
1371,1.33367585057154e-16
1372,1.33152376950392e-16
1373,1.32193854589928e-16
1374,1.31403423427684e-16
1375,1.31059503682911e-16
1376,1.31053224282674e-16
1377,1.29360701836795e-16
1378,1.28906703908663e-16
1379,1.28878287358171e-16
1380,1.27840708546943e-16
1381,1.27341150702684e-16
1382,1.27231591845515e-16
1383,1.26858269353967e-16
1384,1.26764448971089e-16
1385,1.26539669748712e-16
1386,1.26538522404674e-16
1387,1.2618255958762e-16
1388,1.26166835493018e-16
1389,1.25996045028516e-16
1390,1.25023495897084e-16
1391,1.24841326427336e-16
1392,1.24600283737948e-16
1393,1.23909775704572e-16
1394,1.23897975364981e-16
1395,1.23798332054427e-16
1396,1.23395034700552e-16
1397,1.23155141358535e-16
1398,1.22654371776544e-16
1399,1.22500067840639e-16
1400,1.22416239841047e-16
1401,1.22343365838783e-16
1402,1.22262095346964e-16
1403,1.21708960746236e-16
1404,1.21576351363964e-16
1405,1.21543332531066e-16
1406,1.21492664016556e-16
1407,1.20535380278812e-16
1408,1.19171508386393e-16
1409,1.17124821461756e-16
1410,1.16750787897018e-16
1411,1.16619943433468e-16
1412,1.1625729775583e-16
1413,1.16196797026494e-16
1414,1.15973923228617e-16
1415,1.15795281388474e-16
1416,1.15745965507199e-16
1417,1.15269811149888e-16
1418,1.15041456686799e-16
1419,1.14642793783949e-16
1420,1.1458212701281e-16
1421,1.14189170301433e-16
1422,1.14139975801134e-16
1423,1.12973020547708e-16
1424,1.1287782640616e-16
1425,1.12757151437631e-16
1426,1.12641450704835e-16
1427,1.11801150154736e-16
1428,1.11339986639756e-16
1429,1.11214838628662e-16
1430,1.11104386791908e-16
1431,1.10660721346629e-16
1432,1.10499261848215e-16
1433,1.10176454754311e-16
1434,1.0998828546765e-16
1435,1.08691485986399e-16
1436,1.08614300528904e-16
1437,1.08156475087881e-16
1438,1.07345305854097e-16
1439,1.07320399599706e-16
1440,1.07278371929178e-16
1441,1.07179883508254e-16
1442,1.06940358049727e-16
1443,1.06559073896518e-16
1444,1.06345931280448e-16
1445,1.06222041338596e-16
1446,1.04462856958914e-16
1447,1.04372049291465e-16
1448,1.03696785048268e-16
1449,1.03577545285466e-16
1450,1.03477328230803e-16
1451,1.03282565609928e-16
1452,1.03193239103497e-16
1453,1.02850523241807e-16
1454,1.02801525911744e-16
1455,1.02762137656842e-16
1456,1.02568203282453e-16
1457,1.02204216021711e-16
1458,1.01979952026107e-16
1459,1.01601568581282e-16
1460,1.01577051427021e-16
1461,1.00896001112279e-16
1462,9.9776636836188e-17
1463,9.96066201539863e-17
1464,9.95427570388971e-17
1465,9.93024312865856e-17
1466,9.89895780229566e-17
1467,9.84749291629037e-17
1468,9.81658349515174e-17
1469,9.81420957524444e-17
1470,9.67872578614091e-17
1471,9.57484328478121e-17
1472,9.52200421266843e-17
1473,9.51823202245196e-17
1474,9.50824748866253e-17
1475,9.49419012009673e-17
1476,9.45413478225852e-17
1477,9.43001368422245e-17
1478,9.4137533953883e-17
1479,9.38795077415348e-17
1480,9.37656299330338e-17
1481,9.35677745768073e-17
1482,9.35486208233335e-17
1483,9.35152058640972e-17
1484,9.32882704022901e-17
1485,9.24117255958955e-17
1486,9.22602746802784e-17
1487,9.21803627873172e-17
1488,9.15290554426436e-17
1489,9.07287274596431e-17
1490,9.02812210902673e-17
1491,9.02713658005205e-17
1492,9.00343982475601e-17
1493,8.95600446633066e-17
1494,8.9558779916789e-17
1495,8.90732130982038e-17
1496,8.83691447666298e-17
1497,8.8251520355204e-17
1498,8.81268137380944e-17
1499,8.77784983707156e-17
1500,8.74325210354595e-17
1501,8.7302942123875e-17
1502,8.66120511339998e-17
1503,8.62890546324742e-17
1504,8.60636274324863e-17
1505,8.55626157501699e-17
1506,8.50486658467603e-17
1507,8.45434466993551e-17
1508,8.44199578121319e-17
1509,8.42828381720168e-17
1510,8.42666105352118e-17
1511,8.41179011703402e-17
1512,8.35501784732155e-17
1513,8.34686342119854e-17
1514,8.34581647461489e-17
1515,8.33765260834352e-17
1516,8.326120034276e-17
1517,8.32464577055797e-17
1518,8.32446431768802e-17
1519,8.32297374180685e-17
1520,8.25762141775867e-17
1521,8.23540449473434e-17
1522,8.1922718378616e-17
1523,8.18956313544222e-17
1524,8.17848473263466e-17
1525,8.1433863398228e-17
1526,8.12050745988501e-17
1527,8.11739113824288e-17
1528,8.10046843416743e-17
1529,8.08050509124861e-17
1530,8.05119762309064e-17
1531,7.94659955139619e-17
1532,7.93743011706715e-17
1533,7.88567500086531e-17
1534,7.86789142098914e-17
1535,7.85267770159107e-17
1536,7.81745379262866e-17
1537,7.80113844251548e-17
1538,7.7953901473104e-17
1539,7.76523802483925e-17
1540,7.74810056378525e-17
1541,7.64683507164745e-17
1542,7.64501025891465e-17
1543,7.63907235890427e-17
1544,7.62842561221867e-17
1545,7.60829354848034e-17
1546,7.59236256145599e-17
1547,7.57437456524394e-17
1548,7.54777595346776e-17
1549,7.54693209759565e-17
1550,7.53959164474137e-17
1551,7.51527378284798e-17
1552,7.51012916592371e-17
1553,7.48319529575236e-17
1554,7.45294543212671e-17
1555,7.40078164588892e-17
1556,7.38655255057581e-17
1557,7.32871502666884e-17
1558,7.32749370541554e-17
1559,7.32302927519646e-17
1560,7.31246021942006e-17
1561,7.27598067379342e-17
1562,7.25042458167589e-17
1563,7.24885187782039e-17
1564,7.24292665501078e-17
1565,7.22481135732476e-17
1566,7.19550702744794e-17
1567,7.18159099557578e-17
1568,7.15418614608388e-17
1569,7.15377437235709e-17
1570,7.07007128798472e-17
1571,7.06610452914767e-17
1572,7.05900654792958e-17
1573,7.0517376231769e-17
1574,7.03089523025474e-17
1575,7.00601118447163e-17
1576,7.00218348437854e-17
1577,6.98332937823933e-17
1578,6.96791927079513e-17
1579,6.93655416693552e-17
1580,6.92832028473858e-17
1581,6.90133008378043e-17
1582,6.8646407905086e-17
1583,6.85688004106693e-17
1584,6.78973516279156e-17
1585,6.78921754535628e-17
1586,6.78322438461895e-17
1587,6.77550959330872e-17
1588,6.75415146336453e-17
1589,6.71751842133794e-17
1590,6.71122405024929e-17
1591,6.69924071617054e-17
1592,6.69205362151801e-17
1593,6.66366051910102e-17
1594,6.64014665265285e-17
1595,6.63721461216463e-17
1596,6.60794710520519e-17
1597,6.5412329225879e-17
1598,6.54054364203515e-17
1599,6.51347865376716e-17
1600,6.49955973004485e-17
1601,6.49057016543575e-17
1602,6.46439045605632e-17
1603,6.46100444295351e-17
1604,6.43198394270924e-17
1605,6.42894365861546e-17
1606,6.40910535097538e-17
1607,6.40826239371749e-17
1608,6.40338471600866e-17
1609,6.36675183254573e-17
1610,6.33957800839476e-17
1611,6.32031476297118e-17
1612,6.3185994500224e-17
1613,6.31120286477694e-17
1614,6.30392783751679e-17
1615,6.29141850793572e-17
1616,6.28486614345662e-17
1617,6.25780918592825e-17
1618,6.16678198359928e-17
1619,6.16338401052526e-17
1620,6.15849507110261e-17
1621,6.14060453629034e-17
1622,6.13344510809042e-17
1623,6.13218151794408e-17
1624,6.13017485630974e-17
1625,6.12019205137819e-17
1626,6.10105460424404e-17
1627,6.07436807228843e-17
1628,6.04686234512872e-17
1629,6.03162530901523e-17
1630,6.02959376496565e-17
1631,5.96653836428221e-17
1632,5.95707731804544e-17
1633,5.94031392452855e-17
1634,5.93670394750796e-17
1635,5.89568960018117e-17
1636,5.89079686794417e-17
1637,5.87396290855452e-17
1638,5.85709452918321e-17
1639,5.84062964666276e-17
1640,5.83294972820963e-17
1641,5.81429144621884e-17
1642,5.79754264710231e-17
1643,5.78769770588978e-17
1644,5.78572337831125e-17
1645,5.78447953374807e-17
1646,5.76366131849265e-17
1647,5.75846207485739e-17
1648,5.74158484169112e-17
1649,5.73925188683751e-17
1650,5.69909215545324e-17
1651,5.69692810817939e-17
1652,5.68958666545868e-17
1653,5.63972566219635e-17
1654,5.60432885037661e-17
1655,5.59027503098254e-17
1656,5.57064969300441e-17
1657,5.5699327768791e-17
1658,5.55739169480796e-17
1659,5.55510903597883e-17
1660,5.5319968726203e-17
1661,5.50589607566845e-17
1662,5.50354832569794e-17
1663,5.48807904000254e-17
1664,5.45583037535365e-17
1665,5.44573236708743e-17
1666,5.43183490052809e-17
1667,5.41253420140706e-17
1668,5.40702071286949e-17
1669,5.38644230154632e-17
1670,5.36863211851491e-17
1671,5.32997353093954e-17
1672,5.30575113695721e-17
1673,5.30066782731018e-17
1674,5.27459263148153e-17
1675,5.27228818259367e-17
1676,5.25980696602655e-17
1677,5.24333469251159e-17
1678,5.23361361104903e-17
1679,5.23184560901365e-17
1680,5.18237693672058e-17
1681,5.17817745502525e-17
1682,5.16556537242027e-17
1683,5.12176069003854e-17
1684,5.11520118631785e-17
1685,5.11275890918407e-17
1686,5.08159293061111e-17
1687,5.06970858653774e-17
1688,5.04419581589038e-17
1689,5.01940251866984e-17
1690,5.0133262258434e-17
1691,4.99733132726284e-17
1692,4.98846785187481e-17
1693,4.98457809970119e-17
1694,4.9781510357645e-17
1695,4.96670707736667e-17
1696,4.95592451677854e-17
1697,4.91486135492173e-17
1698,4.91214675640767e-17
1699,4.90663254659036e-17
1700,4.90290220792972e-17
1701,4.89820201111211e-17
1702,4.88962965443197e-17
1703,4.87171394438167e-17
1704,4.87039252477219e-17
1705,4.86010170372684e-17
1706,4.8266428844222e-17
1707,4.82472885983326e-17
1708,4.82207240142756e-17
1709,4.81781338307281e-17
1710,4.80168137991426e-17
1711,4.79107780326705e-17
1712,4.75784108174988e-17
1713,4.75424333545855e-17
1714,4.74872627980412e-17
1715,4.72637003004687e-17
1716,4.72040678901784e-17
1717,4.71436100510419e-17
1718,4.71230020182849e-17
1719,4.69804979546334e-17
1720,4.68982055725609e-17
1721,4.67062543449854e-17
1722,4.65490146679045e-17
1723,4.63706248209824e-17
1724,4.63024973441798e-17
1725,4.6160483639455e-17
1726,4.61478687246265e-17
1727,4.61409069189685e-17
1728,4.60511962617455e-17
1729,4.5795168553466e-17
1730,4.57668532144086e-17
1731,4.54362245781447e-17
1732,4.54284062090492e-17
1733,4.53437912189908e-17
1734,4.52889225638591e-17
1735,4.50566497000947e-17
1736,4.49579424469267e-17
1737,4.49158444723403e-17
1738,4.47471111831851e-17
1739,4.46862745330029e-17
1740,4.4646081365438e-17
1741,4.45578176898016e-17
1742,4.45117843991058e-17
1743,4.42145858489067e-17
1744,4.42055541310099e-17
1745,4.41718046032253e-17
1746,4.41711565390938e-17
1747,4.41574310410371e-17
1748,4.40454566050449e-17
1749,4.38446647328927e-17
1750,4.34950739397054e-17
1751,4.34088895384234e-17
1752,4.33503076512181e-17
1753,4.32731960962818e-17
1754,4.32460402136047e-17
1755,4.29985372061904e-17
1756,4.28230542192401e-17
1757,4.26986357463191e-17
1758,4.23576808485386e-17
1759,4.2215779671643e-17
1760,4.21467159300099e-17
1761,4.21114044266554e-17
1762,4.20559408938292e-17
1763,4.20288966105445e-17
1764,4.18014040777637e-17
1765,4.17845553663422e-17
1766,4.14469635244172e-17
1767,4.1433036220656e-17
1768,4.12288658315681e-17
1769,4.11852361709218e-17
1770,4.11795017011831e-17
1771,4.11154282339595e-17
1772,4.07609559368414e-17
1773,4.05527229372442e-17
1774,4.05107219918852e-17
1775,4.05051900842494e-17
1776,4.03829720587666e-17
1777,4.01698612974824e-17
1778,3.96813615539863e-17
1779,3.96263360135588e-17
1780,3.95579879722447e-17
1781,3.94579440608472e-17
1782,3.93273100564237e-17
1783,3.9305525190965e-17
1784,3.92530350593391e-17
1785,3.90972925823962e-17
1786,3.90557896557009e-17
1787,3.87274455998762e-17
1788,3.86928724921681e-17
1789,3.86136147264695e-17
1790,3.82805551715862e-17
1791,3.80654838975928e-17
1792,3.80330145182414e-17
1793,3.7729976712389e-17
1794,3.76212196299378e-17
1795,3.746439714159e-17
1796,3.72771890614778e-17
1797,3.71310901392844e-17
1798,3.71084997619532e-17
1799,3.70870444970147e-17
1800,3.6938541029598e-17
1801,3.68741566967859e-17
1802,3.68584997643717e-17
1803,3.67290983299947e-17
1804,3.6700196855939e-17
1805,3.65882782489635e-17
1806,3.65845890416677e-17
1807,3.65810473570555e-17
1808,3.6564344661917e-17
1809,3.65030904015399e-17
1810,3.64731190265067e-17
1811,3.64611974516664e-17
1812,3.62410742659006e-17
1813,3.59780961123425e-17
1814,3.58722187974637e-17
1815,3.58020820252514e-17
1816,3.57843305079508e-17
1817,3.57229897540392e-17
1818,3.56929899480144e-17
1819,3.5496973432571e-17
1820,3.53890174791972e-17
1821,3.5326803074314e-17
1822,3.51724218458558e-17
1823,3.51350028708084e-17
1824,3.51075364892997e-17
1825,3.47887028119184e-17
1826,3.46758054925453e-17
1827,3.45901490533555e-17
1828,3.45157848605219e-17
1829,3.43568639875494e-17
1830,3.42742581046887e-17
1831,3.42157991298367e-17
1832,3.41071474599856e-17
1833,3.40798564040945e-17
1834,3.39558739784106e-17
1835,3.37624660071527e-17
1836,3.36315330984037e-17
1837,3.25652570710763e-17
1838,3.2164679539187e-17
1839,3.21620526417903e-17
1840,3.21455835692923e-17
1841,3.20819874007688e-17
1842,3.19583308148764e-17
1843,3.18704343868241e-17
1844,3.18475545315549e-17
1845,3.17725931062485e-17
1846,3.17328869261906e-17
1847,3.16916620860842e-17
1848,3.15234111873607e-17
1849,3.11437446800547e-17
1850,3.10613077516882e-17
1851,3.0859725428821e-17
1852,3.07618968446081e-17
1853,3.0551932711079e-17
1854,3.04162485391882e-17
1855,3.04029078490336e-17
1856,3.03726539671837e-17
1857,3.0274794115966e-17
1858,3.01396023649265e-17
1859,3.01248203755147e-17
1860,2.99770649263274e-17
1861,2.99303462162655e-17
1862,2.96842242921262e-17
1863,2.96489102955094e-17
1864,2.96474985088183e-17
1865,2.96188890208331e-17
1866,2.95961965561889e-17
1867,2.95565540025646e-17
1868,2.94345128443588e-17
1869,2.93479752957327e-17
1870,2.92724792519401e-17
1871,2.92586163395588e-17
1872,2.92512625931413e-17
1873,2.89979751327159e-17
1874,2.89303570719944e-17
1875,2.85658637735008e-17
1876,2.85376793124723e-17
1877,2.8509058523781e-17
1878,2.84694783654817e-17
1879,2.83272781590451e-17
1880,2.8287544936876e-17
1881,2.82115413219025e-17
1882,2.81262790350885e-17
1883,2.8029716223594e-17
1884,2.7985110351253e-17
1885,2.79418746519127e-17
1886,2.75379116441486e-17
1887,2.7489981562074e-17
1888,2.72515048142928e-17
1889,2.71432819340383e-17
1890,2.71218724514389e-17
1891,2.69362719200263e-17
1892,2.6652934340893e-17
1893,2.66326027058005e-17
1894,2.66115938455078e-17
1895,2.6514852396521e-17
1896,2.60728805162874e-17
1897,2.58423662885859e-17
1898,2.54537580164e-17
1899,2.54315934341395e-17
1900,2.53985680180661e-17
1901,2.53569805371465e-17
1902,2.52494623040854e-17
1903,2.51647806227069e-17
1904,2.50640941820741e-17
1905,2.50035027107563e-17
1906,2.48926021675296e-17
1907,2.4801372658329e-17
1908,2.47996083160155e-17
1909,2.44813957318628e-17
1910,2.41583243342892e-17
1911,2.40155452168294e-17
1912,2.37968239842656e-17
1913,2.37856768285526e-17
1914,2.34415342828903e-17
1915,2.32235371340073e-17
1916,2.31787670193436e-17
1917,2.31447775714122e-17
1918,2.29708828673128e-17
1919,2.28758611135886e-17
1920,2.27926492749413e-17
1921,2.27262969601725e-17
1922,2.27018706263736e-17
1923,2.26503087077886e-17
1924,2.25853055697138e-17
1925,2.25437106287062e-17
1926,2.23258685027415e-17
1927,2.19476494828606e-17
1928,2.18724191666754e-17
1929,2.18388439266586e-17
1930,2.16566680937925e-17
1931,2.13669033117252e-17
1932,2.12177163687017e-17
1933,2.11875667487657e-17
1934,2.1098350805782e-17
1935,2.1082495346653e-17
1936,2.09161051591464e-17
1937,2.08019061007893e-17
1938,2.07712382370279e-17
1939,2.07654675000536e-17
1940,2.05177361012948e-17
1941,2.0503926974483e-17
1942,2.02683692952481e-17
1943,2.02272989742064e-17
1944,2.0039130268904e-17
1945,2.00254498013387e-17
1946,1.97772435911475e-17
1947,1.93845517438139e-17
1948,1.9334637315198e-17
1949,1.92818361535266e-17
1950,1.9046266877025e-17
1951,1.8870674559056e-17
1952,1.87187602954477e-17
1953,1.86547736103351e-17
1954,1.85525587229563e-17
1955,1.84453563471838e-17
1956,1.84353314641986e-17
1957,1.83740924310672e-17
1958,1.83150200264769e-17
1959,1.82301670097079e-17
1960,1.82255553366713e-17
1961,1.81903853391649e-17
1962,1.7782859098976e-17
1963,1.76710146195961e-17
1964,1.76086571348589e-17
1965,1.74121150293779e-17
1966,1.73514115712918e-17
1967,1.73415969267491e-17
1968,1.71351696707841e-17
1969,1.70910323885031e-17
1970,1.68985134500207e-17
1971,1.67081845519614e-17
1972,1.67011917965743e-17
1973,1.6645158010155e-17
1974,1.64455038523914e-17
1975,1.63946117415314e-17
1976,1.62036111198937e-17
1977,1.61962308719774e-17
1978,1.60866687569913e-17
1979,1.59128315147973e-17
1980,1.54892317218563e-17
1981,1.54067358376806e-17
1982,1.5354167443751e-17
1983,1.51446531491126e-17
1984,1.51335832184837e-17
1985,1.49708411234984e-17
1986,1.49414364159485e-17
1987,1.47050582384558e-17
1988,1.46606458891383e-17
1989,1.46085483060001e-17
1990,1.45138445508866e-17
1991,1.4504375576504e-17
1992,1.43803404428636e-17
1993,1.42622287366206e-17
1994,1.42452436965741e-17
1995,1.42059037822309e-17
1996,1.40434507045829e-17
1997,1.39912363846604e-17
1998,1.37947334790499e-17
1999,1.36455640150697e-17
2000,1.36341315631672e-17
2001,1.35113980087353e-17
2002,1.30690920949468e-17
2003,1.29311457565444e-17
2004,1.28334667924269e-17
2005,1.27613697102348e-17
2006,1.27485234093678e-17
2007,1.2399656284588e-17
2008,1.23794372554702e-17
2009,1.23790434671066e-17
2010,1.21362411706497e-17
2011,1.194706213175e-17
2012,1.19423249377801e-17
2013,1.18921237407018e-17
2014,1.17894018306236e-17
2015,1.17288153099629e-17
2016,1.16699543778421e-17
2017,1.14997082224256e-17
2018,1.14050737160984e-17
2019,1.13684742413856e-17
2020,1.13387328220243e-17
2021,1.12684442534723e-17
2022,1.12164270067607e-17
2023,1.11234471595914e-17
2024,1.10988224506917e-17
2025,1.10362192899108e-17
2026,1.09696015961085e-17
2027,1.0895716993362e-17
2028,1.06869189426437e-17
2029,1.06768733336154e-17
2030,1.05684587962571e-17
2031,1.05526332546554e-17
2032,1.02372153100505e-17
2033,1.01409869331502e-17
2034,1.00323904951568e-17
2035,9.91299058609787e-18
2036,9.86602578431986e-18
2037,9.81229786710262e-18
2038,9.75608456942549e-18
2039,9.5922882351089e-18
2040,9.52477529879792e-18
2041,9.49912997278394e-18
2042,9.34372825000553e-18
2043,9.33775683450467e-18
2044,9.18204265688134e-18
2045,9.04658349802264e-18
2046,9.00541857472134e-18
2047,9.00265754085707e-18
2048,8.95556228796013e-18
2049,8.79955155627562e-18
2050,8.75260204475729e-18
2051,8.73598776109984e-18
2052,8.71268426379447e-18
2053,8.68925605731156e-18
2054,8.66736875988073e-18
2055,8.560127042139e-18
2056,8.39306468037195e-18
2057,8.31595279686444e-18
2058,8.20845849280229e-18
2059,8.15170467039423e-18
2060,8.09396063138346e-18
2061,8.0071161749327e-18
2062,7.90726657482857e-18
2063,7.8814058414216e-18
2064,7.56695581531757e-18
2065,7.52441097305702e-18
2066,7.46523248007003e-18
2067,7.27652704573687e-18
2068,7.22151232948573e-18
2069,7.22146781901501e-18
2070,7.2183488544822e-18
2071,7.2182926501347e-18
2072,7.14053105760476e-18
2073,7.08391115104288e-18
2074,7.00444159744702e-18
2075,6.94089777668489e-18
2076,6.8653433726666e-18
2077,6.84861830023609e-18
2078,6.78733516340098e-18
2079,6.7584914973647e-18
2080,6.75602791870242e-18
2081,6.54823191364524e-18
2082,6.51842210421761e-18
2083,6.48217166958493e-18
2084,6.35697091695506e-18
2085,6.31035594731773e-18
2086,6.30818753185047e-18
2087,6.30694387054657e-18
2088,6.30454960490551e-18
2089,5.98798235446272e-18
2090,5.91301979170008e-18
2091,5.86262475112648e-18
2092,5.7238639656954e-18
2093,5.70816810241624e-18
2094,5.70074600276676e-18
2095,5.68502317291921e-18
2096,5.63167882111387e-18
2097,5.5913078375504e-18
2098,5.47237363925773e-18
2099,5.23550792879656e-18
2100,5.22395708941572e-18
2101,5.07849289520339e-18
2102,4.96374121469767e-18
2103,4.87682712781359e-18
2104,4.50188658160457e-18
2105,4.1857617656742e-18
2106,4.16851084912103e-18
2107,4.16738562455587e-18
2108,4.10639579189556e-18
2109,4.07422164462466e-18
2110,4.04120531228137e-18
2111,4.03771924065834e-18
2112,3.94061298719837e-18
2113,3.69064605554528e-18
2114,3.51790347796869e-18
2115,3.3366258182668e-18
2116,3.10264041740845e-18
2117,3.07268223025936e-18
2118,2.95053690715584e-18
2119,2.81866888044914e-18
2120,2.71774717851095e-18
2121,2.67284108204973e-18
2122,2.62011152854803e-18
2123,2.49454789738892e-18
2124,2.45051641780541e-18
2125,2.33167298572319e-18
2126,2.20752178720692e-18
2127,2.15793433471893e-18
2128,1.95564808752333e-18
2129,1.93734104476613e-18
2130,1.85307653367014e-18
2131,1.84681860416287e-18
2132,1.80921732387217e-18
2133,1.74468684666206e-18
2134,1.66574057147662e-18
2135,1.44936257805893e-18
2136,1.40391237993523e-18
2137,1.25440868705879e-18
2138,1.16544617598812e-18
2139,1.16039519638091e-18
2140,1.11273591215191e-18
2141,1.08321622878414e-18
2142,8.31928523399759e-19
2143,8.2304596812389e-19
2144,7.45952313578488e-19
2145,7.39191935413888e-19
2146,7.27680963019822e-19
2147,6.46497871665039e-19
2148,6.3411028281616e-19
2149,6.25748560454015e-19
2150,5.94465284720525e-19
2151,5.91503665265955e-19
2152,5.06035798575495e-19
2153,4.32837100701405e-19
2154,2.76606106030399e-19
2155,2.74199556873182e-19
2156,2.19187566455827e-19
2157,3.13379990160678e-20
2158,-2.95649489027164e-20
2159,-1.04081657239717e-19
2160,-1.12576425684575e-19
2161,-1.47006330071532e-19
2162,-2.59149517809026e-19
2163,-3.26207292191383e-19
2164,-3.4867642506819e-19
2165,-9.56567738750578e-19
2166,-1.20926611911879e-18
2167,-1.49961113313996e-18
2168,-1.58847852757737e-18
2169,-1.59890209217282e-18
2170,-2.01700569594869e-18
2171,-2.0518392802085e-18
2172,-2.25664692088898e-18
2173,-2.35845300090457e-18
2174,-2.88512393515282e-18
2175,-2.92364505439121e-18
2176,-2.95959429395024e-18
2177,-3.06072809493885e-18
2178,-3.13476293897403e-18
2179,-3.20292645635142e-18
2180,-3.44964360939683e-18
2181,-3.53948790623573e-18
2182,-3.55724952264516e-18
2183,-3.82214862774931e-18
2184,-3.95388605098256e-18
2185,-3.99332342928908e-18
2186,-4.01186454766528e-18
2187,-4.02289220300172e-18
2188,-4.04455571797823e-18
2189,-4.08464095664392e-18
2190,-4.19311067393739e-18
2191,-4.59691197302496e-18
2192,-4.73208622544674e-18
2193,-4.7384111060656e-18
2194,-4.79739545607567e-18
2195,-4.82447530477281e-18
2196,-5.00132227919506e-18
2197,-5.0575300806025e-18
2198,-5.17644098562467e-18
2199,-5.24219896196174e-18
2200,-5.24925004630306e-18
2201,-5.36498303955096e-18
2202,-5.47202376442453e-18
2203,-5.54315663780767e-18
2204,-5.56553206218813e-18
2205,-5.6163719261917e-18
2206,-5.67560682429986e-18
2207,-5.75732340039838e-18
2208,-5.86387867441126e-18
2209,-5.99136572179874e-18
2210,-6.13872266093866e-18
2211,-6.15082930206365e-18
2212,-6.15313234219137e-18
2213,-6.30103250299173e-18
2214,-6.30515814750412e-18
2215,-6.43214075113123e-18
2216,-6.57436928391411e-18
2217,-6.60431626968855e-18
2218,-6.75234281915571e-18
2219,-6.80981098706225e-18
2220,-6.83401288684665e-18
2221,-7.03525472047451e-18
2222,-7.05866747859993e-18
2223,-7.0652896309689e-18
2224,-7.10702517855569e-18
2225,-7.1401055041344e-18
2226,-7.18823198959889e-18
2227,-7.19248935069445e-18
2228,-7.20559564737963e-18
2229,-7.2779817615123e-18
2230,-7.33460726582477e-18
2231,-7.3777649437541e-18
2232,-7.4738856896701e-18
2233,-7.47822255324144e-18
2234,-7.54646293764849e-18
2235,-7.55774678552013e-18
2236,-7.62098149461278e-18
2237,-7.68496824705688e-18
2238,-7.94472172592365e-18
2239,-7.99461481849974e-18
2240,-8.11860494688257e-18
2241,-8.14436179518595e-18
2242,-8.31736776322441e-18
2243,-8.47602948241424e-18
2244,-8.48931026562403e-18
2245,-8.67983782528582e-18
2246,-8.74067099322097e-18
2247,-8.81829373238741e-18
2248,-8.97294684777608e-18
2249,-9.22935459198825e-18
2250,-9.31916138590377e-18
2251,-9.43057530378239e-18
2252,-9.66825008956806e-18
2253,-9.68061323032816e-18
2254,-9.70417088340887e-18
2255,-9.99886043467177e-18
2256,-1.02505396773416e-17
2257,-1.05481590293537e-17
2258,-1.06383462480581e-17
2259,-1.07112518392159e-17
2260,-1.07351315951703e-17
2261,-1.08196221910779e-17
2262,-1.08929330341909e-17
2263,-1.10666891746527e-17
2264,-1.10714354516644e-17
2265,-1.12167790950291e-17
2266,-1.13843168947898e-17
2267,-1.14075965756182e-17
2268,-1.14492830436063e-17
2269,-1.14938796001103e-17
2270,-1.15939192297251e-17
2271,-1.17218243258135e-17
2272,-1.18409812079915e-17
2273,-1.19047282335773e-17
2274,-1.21119506501733e-17
2275,-1.21612257387761e-17
2276,-1.24321492535437e-17
2277,-1.26518888998209e-17
2278,-1.28500236492538e-17
2279,-1.28699158903329e-17
2280,-1.31847233381573e-17
2281,-1.34290194328292e-17
2282,-1.35238046646854e-17
2283,-1.35757212069718e-17
2284,-1.36712620306045e-17
2285,-1.37589996882578e-17
2286,-1.38605928059045e-17
2287,-1.39083299567763e-17
2288,-1.39219324666034e-17
2289,-1.40016460038576e-17
2290,-1.4055336201272e-17
2291,-1.40776108364706e-17
2292,-1.41346411174171e-17
2293,-1.42775904073018e-17
2294,-1.4393875628508e-17
2295,-1.44583199343486e-17
2296,-1.44686049905581e-17
2297,-1.45849454939068e-17
2298,-1.47974110478878e-17
2299,-1.49279861515359e-17
2300,-1.50011456675929e-17
2301,-1.50038221752776e-17
2302,-1.50224193146316e-17
2303,-1.50254184891222e-17
2304,-1.51447409902284e-17
2305,-1.557974370094e-17
2306,-1.57006314560776e-17
2307,-1.58523367777532e-17
2308,-1.58828575539686e-17
2309,-1.61341776323531e-17
2310,-1.61647766114348e-17
2311,-1.61867207935204e-17
2312,-1.62803190942275e-17
2313,-1.63122851296719e-17
2314,-1.64226737697042e-17
2315,-1.64660720910435e-17
2316,-1.65351487496152e-17
2317,-1.66514999237847e-17
2318,-1.67381747711676e-17
2319,-1.68048334697729e-17
2320,-1.68062382756129e-17
2321,-1.71250729270042e-17
2322,-1.71681605899903e-17
2323,-1.72412019716774e-17
2324,-1.7492437911675e-17
2325,-1.75159388175356e-17
2326,-1.77789120919073e-17
2327,-1.79221922966684e-17
2328,-1.79981762694451e-17
2329,-1.80164668307964e-17
2330,-1.82264583411569e-17
2331,-1.82699587749027e-17
2332,-1.82729430676894e-17
2333,-1.83226938569491e-17
2334,-1.84977053151573e-17
2335,-1.85639958422174e-17
2336,-1.86642015364264e-17
2337,-1.8695596124281e-17
2338,-1.88280623710005e-17
2339,-1.88752711652898e-17
2340,-1.92085944242827e-17
2341,-1.95077626600432e-17
2342,-1.95967609634891e-17
2343,-1.96377107876051e-17
2344,-1.96525330409492e-17
2345,-1.96626855229176e-17
2346,-1.97023964950233e-17
2347,-1.98375828975074e-17
2348,-1.99823558570652e-17
2349,-2.01448373432812e-17
2350,-2.03281601204084e-17
2351,-2.03749716195014e-17
2352,-2.0374993390477e-17
2353,-2.04398641742811e-17
2354,-2.07402352700139e-17
2355,-2.07886378092296e-17
2356,-2.10516566592993e-17
2357,-2.12031148053676e-17
2358,-2.13438505085739e-17
2359,-2.1410462721997e-17
2360,-2.14348254427179e-17
2361,-2.15133136083227e-17
2362,-2.15347656691734e-17
2363,-2.18127801413987e-17
2364,-2.19252806996151e-17
2365,-2.1930404687008e-17
2366,-2.22618570765532e-17
2367,-2.23849902967474e-17
2368,-2.24325294956289e-17
2369,-2.24838975804198e-17
2370,-2.251104662736e-17
2371,-2.26214826962227e-17
2372,-2.27735809256671e-17
2373,-2.28213691253125e-17
2374,-2.29776551857874e-17
2375,-2.29853176481145e-17
2376,-2.32446691456315e-17
2377,-2.35238829358714e-17
2378,-2.3599927627636e-17
2379,-2.36175907285292e-17
2380,-2.36833385015114e-17
2381,-2.37016221107123e-17
2382,-2.37148024246072e-17
2383,-2.37764139305232e-17
2384,-2.38680153211364e-17
2385,-2.39020945595036e-17
2386,-2.39597518175943e-17
2387,-2.41997215367439e-17
2388,-2.43009006620299e-17
2389,-2.43403083451869e-17
2390,-2.46174104912803e-17
2391,-2.46989646151314e-17
2392,-2.47275582329564e-17
2393,-2.47310615893808e-17
2394,-2.480446029247e-17
2395,-2.48134524660941e-17
2396,-2.48818331641532e-17
2397,-2.5019191609599e-17
2398,-2.50467965502698e-17
2399,-2.52713762963542e-17
2400,-2.53761427825523e-17
2401,-2.57558472778266e-17
2402,-2.5929951972853e-17
2403,-2.59401133664226e-17
2404,-2.59452252462802e-17
2405,-2.60891594227337e-17
2406,-2.61301068308781e-17
2407,-2.62159621263064e-17
2408,-2.63286408602518e-17
2409,-2.65144832564768e-17
2410,-2.6597281163921e-17
2411,-2.66211655835358e-17
2412,-2.66524065448052e-17
2413,-2.66581135544588e-17
2414,-2.69428117127916e-17
2415,-2.70830645589614e-17
2416,-2.71124805389101e-17
2417,-2.73215039387751e-17
2418,-2.74428786474881e-17
2419,-2.75193279448172e-17
2420,-2.75488204967145e-17
2421,-2.75763620290338e-17
2422,-2.82227873999627e-17
2423,-2.82930332889555e-17
2424,-2.82997714577091e-17
2425,-2.84326691403692e-17
2426,-2.85749073674097e-17
2427,-2.85778781496123e-17
2428,-2.87096599323106e-17
2429,-2.88537536998118e-17
2430,-2.92454114222548e-17
2431,-2.9251418183442e-17
2432,-2.92841412600948e-17
2433,-2.95986373940479e-17
2434,-2.96156796374373e-17
2435,-2.97821048858179e-17
2436,-2.98046976219395e-17
2437,-3.00452181711777e-17
2438,-3.03244401754513e-17
2439,-3.03823277847141e-17
2440,-3.04526682596442e-17
2441,-3.06023421774239e-17
2442,-3.06375423190758e-17
2443,-3.06657691579702e-17
2444,-3.07014933675015e-17
2445,-3.07080594523124e-17
2446,-3.0796065029263e-17
2447,-3.08204080312101e-17
2448,-3.09314979013188e-17
2449,-3.10093788808469e-17
2450,-3.10817077707625e-17
2451,-3.11851437715676e-17
2452,-3.12420070574699e-17
2453,-3.14042086250687e-17
2454,-3.15960056203208e-17
2455,-3.16703303356885e-17
2456,-3.17539028354248e-17
2457,-3.18527621335899e-17
2458,-3.18571569737197e-17
2459,-3.20076682606052e-17
2460,-3.20158294620525e-17
2461,-3.20750057632384e-17
2462,-3.21619050822883e-17
2463,-3.22012326325744e-17
2464,-3.22879707933459e-17
2465,-3.27078984500904e-17
2466,-3.3295170343676e-17
2467,-3.33678837413741e-17
2468,-3.34406821716724e-17
2469,-3.35350074894274e-17
2470,-3.35852941319562e-17
2471,-3.36356431820931e-17
2472,-3.37103177212289e-17
2473,-3.3918021690342e-17
2474,-3.3940795942909e-17
2475,-3.42629789072827e-17
2476,-3.44355261025791e-17
2477,-3.4522264034158e-17
2478,-3.4669450672003e-17
2479,-3.47003805530006e-17
2480,-3.47436600533534e-17
2481,-3.47978917802496e-17
2482,-3.49028471083868e-17
2483,-3.49152362945245e-17
2484,-3.51559767202177e-17
2485,-3.52002444819112e-17
2486,-3.52438821223496e-17
2487,-3.52534944869218e-17
2488,-3.5325332756854e-17
2489,-3.53722744052803e-17
2490,-3.56529871589648e-17
2491,-3.57313092127708e-17
2492,-3.57777928698337e-17
2493,-3.58126657655435e-17
2494,-3.58637253899872e-17
2495,-3.59003461216835e-17
2496,-3.59152454014979e-17
2497,-3.62845618747146e-17
2498,-3.63752216151967e-17
2499,-3.64869567689725e-17
2500,-3.66773133109826e-17
2501,-3.67316829838878e-17
2502,-3.68276040109924e-17
2503,-3.68482564244061e-17
2504,-3.70767446763509e-17
2505,-3.72036592631495e-17
2506,-3.74176231828898e-17
2507,-3.74952938772721e-17
2508,-3.75616317795341e-17
2509,-3.75690414290792e-17
2510,-3.76220641447034e-17
2511,-3.76237167110542e-17
2512,-3.76911540741228e-17
2513,-3.8063387447687e-17
2514,-3.81394806176486e-17
2515,-3.84870008720931e-17
2516,-3.86783159303169e-17
2517,-3.88811121248585e-17
2518,-3.92183550829333e-17
2519,-3.9234427361631e-17
2520,-3.92618893425166e-17
2521,-3.9265994659199e-17
2522,-3.9319206977204e-17
2523,-3.93607937492873e-17
2524,-3.95455318862495e-17
2525,-3.95599679881055e-17
2526,-3.95603602082709e-17
2527,-3.95786278084088e-17
2528,-3.9811469256896e-17
2529,-3.99627624292742e-17
2530,-4.00062931033933e-17
2531,-4.00600029997446e-17
2532,-4.01795700417732e-17
2533,-4.03001432158052e-17
2534,-4.041373925372e-17
2535,-4.04410689704634e-17
2536,-4.05248994045293e-17
2537,-4.05619648847276e-17
2538,-4.05951343233714e-17
2539,-4.06687213262516e-17
2540,-4.07968873072755e-17
2541,-4.10427013342001e-17
2542,-4.10521141711693e-17
2543,-4.13194742793001e-17
2544,-4.16694858259964e-17
2545,-4.17921283950581e-17
2546,-4.21363380212654e-17
2547,-4.22376751271607e-17
2548,-4.22427441184578e-17
2549,-4.22466353053296e-17
2550,-4.22643859010777e-17
2551,-4.23786470719481e-17
2552,-4.24259806444021e-17
2553,-4.25059109760104e-17
2554,-4.26802749643537e-17
2555,-4.27803163886847e-17
2556,-4.2818053338154e-17
2557,-4.28688846334483e-17
2558,-4.29285719364424e-17
2559,-4.30598195064527e-17
2560,-4.31290313569552e-17
2561,-4.32504207905723e-17
2562,-4.32804392072316e-17
2563,-4.33921971611821e-17
2564,-4.36837601999463e-17
2565,-4.37990589217876e-17
2566,-4.39699556742514e-17
2567,-4.41307019770775e-17
2568,-4.43357153628722e-17
2569,-4.44212538572169e-17
2570,-4.44740641673643e-17
2571,-4.46295438110648e-17
2572,-4.46913066874113e-17
2573,-4.4713660373617e-17
2574,-4.49059582402011e-17
2575,-4.49204633194454e-17
2576,-4.5077370648609e-17
2577,-4.51600560083312e-17
2578,-4.51703151756599e-17
2579,-4.51978463630928e-17
2580,-4.54715339970481e-17
2581,-4.59312985677685e-17
2582,-4.59432268513195e-17
2583,-4.59703177350421e-17
2584,-4.62352331193346e-17
2585,-4.64032344470377e-17
2586,-4.64298559237388e-17
2587,-4.65669510592793e-17
2588,-4.66230820303561e-17
2589,-4.67136503193435e-17
2590,-4.68380011947447e-17
2591,-4.68966591477576e-17
2592,-4.69216700669345e-17
2593,-4.72156994588583e-17
2594,-4.72650308504775e-17
2595,-4.75844954963391e-17
2596,-4.77327023742005e-17
2597,-4.77565845778916e-17
2598,-4.80700511316497e-17
2599,-4.80849306927723e-17
2600,-4.83552975619858e-17
2601,-4.84866339430714e-17
2602,-4.84937208838703e-17
2603,-4.87640600033188e-17
2604,-4.87722361378379e-17
2605,-4.88370705005127e-17
2606,-4.8889540510419e-17
2607,-4.90860544265614e-17
2608,-4.93316079555422e-17
2609,-4.93541586792246e-17
2610,-4.94919949911582e-17
2611,-4.95062391964415e-17
2612,-4.95167319200726e-17
2613,-4.98869690638208e-17
2614,-4.99324052694451e-17
2615,-4.99820353270793e-17
2616,-5.00425911333368e-17
2617,-5.0066980288736e-17
2618,-5.01503527260691e-17
2619,-5.02189521000156e-17
2620,-5.02731929733603e-17
2621,-5.03910107945692e-17
2622,-5.06989630681694e-17
2623,-5.0811301444169e-17
2624,-5.1019297032424e-17
2625,-5.1062650790573e-17
2626,-5.10967136321429e-17
2627,-5.123343893696e-17
2628,-5.12941506720994e-17
2629,-5.14275577067338e-17
2630,-5.14904828686249e-17
2631,-5.16020765038603e-17
2632,-5.16101961105237e-17
2633,-5.16954634572494e-17
2634,-5.18061978950628e-17
2635,-5.18106732630005e-17
2636,-5.23112600341774e-17
2637,-5.23290079445174e-17
2638,-5.23769679065721e-17
2639,-5.24266302761319e-17
2640,-5.25137555695445e-17
2641,-5.26521375559662e-17
2642,-5.26617153075172e-17
2643,-5.27243850505193e-17
2644,-5.2805367943813e-17
2645,-5.34042376978206e-17
2646,-5.34135807631815e-17
2647,-5.35716200079033e-17
2648,-5.36532648551383e-17
2649,-5.40340418235552e-17
2650,-5.41548414123253e-17
2651,-5.42120064666344e-17
2652,-5.42207772821548e-17
2653,-5.44280771437456e-17
2654,-5.44410988749279e-17
2655,-5.45400736423437e-17
2656,-5.45886234869172e-17
2657,-5.46442702728736e-17
2658,-5.4725705279143e-17
2659,-5.49339067978437e-17
2660,-5.49511700521375e-17
2661,-5.50951061837403e-17
2662,-5.5256508355171e-17
2663,-5.5268554717818e-17
2664,-5.5418728528363e-17
2665,-5.54203912318338e-17
2666,-5.56072293412271e-17
2667,-5.56567337869926e-17
2668,-5.61178337896248e-17
2669,-5.61598380236874e-17
2670,-5.62806205571016e-17
2671,-5.64016889591025e-17
2672,-5.64364215355844e-17
2673,-5.65786479307327e-17
2674,-5.65789375721549e-17
2675,-5.67649673661278e-17
2676,-5.71127630653934e-17
2677,-5.7232015918239e-17
2678,-5.74332946983305e-17
2679,-5.74479734773823e-17
2680,-5.78776129253477e-17
2681,-5.80392493072962e-17
2682,-5.80427064053985e-17
2683,-5.8057566697007e-17
2684,-5.81065223596937e-17
2685,-5.87025564886183e-17
2686,-5.87760836680591e-17
2687,-5.88256435847793e-17
2688,-5.91262425908216e-17
2689,-5.91532189724365e-17
2690,-5.9182172755469e-17
2691,-5.93598197533193e-17
2692,-5.94033760859198e-17
2693,-5.95018108580405e-17
2694,-5.97421413498263e-17
2695,-5.99521302310391e-17
2696,-6.01310052461029e-17
2697,-6.01530578047883e-17
2698,-6.03608061030484e-17
2699,-6.03965139360723e-17
2700,-6.05322221824453e-17
2701,-6.06068770187211e-17
2702,-6.07821591717494e-17
2703,-6.08399634229708e-17
2704,-6.11610808355147e-17
2705,-6.12436898626908e-17
2706,-6.15037883227571e-17
2707,-6.15367180061094e-17
2708,-6.15817737750184e-17
2709,-6.16865050064683e-17
2710,-6.17621710032173e-17
2711,-6.18544360571071e-17
2712,-6.18938563352006e-17
2713,-6.19853804350111e-17
2714,-6.21469341824991e-17
2715,-6.24397352685485e-17
2716,-6.24676183608902e-17
2717,-6.24704564377472e-17
2718,-6.25572306819105e-17
2719,-6.25957564992914e-17
2720,-6.26821999162911e-17
2721,-6.30437836715311e-17
2722,-6.328894916219e-17
2723,-6.34853774893448e-17
2724,-6.36106621788284e-17
2725,-6.37512985389709e-17
2726,-6.3760471761767e-17
2727,-6.38819180485242e-17
2728,-6.40887856001433e-17
2729,-6.42079081191151e-17
2730,-6.43109113462353e-17
2731,-6.45554590880637e-17
2732,-6.49531097377644e-17
2733,-6.50372509915955e-17
2734,-6.53480654770059e-17
2735,-6.54064991056596e-17
2736,-6.55454395212708e-17
2737,-6.57666903386421e-17
2738,-6.58522698106757e-17
2739,-6.58665948811247e-17
2740,-6.60235855312989e-17
2741,-6.63394822668713e-17
2742,-6.63791796980059e-17
2743,-6.64207600602377e-17
2744,-6.64226021312075e-17
2745,-6.64541648263331e-17
2746,-6.64795942118005e-17
2747,-6.6546881263351e-17
2748,-6.66870775363499e-17
2749,-6.67235017030021e-17
2750,-6.68958516747153e-17
2751,-6.70469600629137e-17
2752,-6.73533450256472e-17
2753,-6.75151023879015e-17
2754,-6.75384338994771e-17
2755,-6.76235470969523e-17
2756,-6.77381594515215e-17
2757,-6.77734407570499e-17
2758,-6.81591272930764e-17
2759,-6.83796503323131e-17
2760,-6.84898412263951e-17
2761,-6.8508224318499e-17
2762,-6.87353086546886e-17
2763,-6.8754531083373e-17
2764,-6.88204243667947e-17
2765,-6.90564263329544e-17
2766,-6.91172528946979e-17
2767,-6.94142645001135e-17
2768,-6.97513267988143e-17
2769,-6.98963717369832e-17
2770,-6.99381627656614e-17
2771,-6.99555701836061e-17
2772,-7.02149793584521e-17
2773,-7.02433275182274e-17
2774,-7.0518300201556e-17
2775,-7.07324245492951e-17
2776,-7.09240254853704e-17
2777,-7.11841602572992e-17
2778,-7.14308829790344e-17
2779,-7.19272735878963e-17
2780,-7.23102253569655e-17
2781,-7.23175988188203e-17
2782,-7.24073654816138e-17
2783,-7.29764555963706e-17
2784,-7.31664866982036e-17
2785,-7.34202035721075e-17
2786,-7.36833817191687e-17
2787,-7.37138113988898e-17
2788,-7.40390927044725e-17
2789,-7.40893415076092e-17
2790,-7.42120523444942e-17
2791,-7.44779734147795e-17
2792,-7.47440878392162e-17
2793,-7.50314797053679e-17
2794,-7.50484563933465e-17
2795,-7.51027850622861e-17
2796,-7.53511904960845e-17
2797,-7.55465852575205e-17
2798,-7.55645382628322e-17
2799,-7.57379331858054e-17
2800,-7.58141372012858e-17
2801,-7.59850658807931e-17
2802,-7.62586218570855e-17
2803,-7.64878189607412e-17
2804,-7.66366707279439e-17
2805,-7.70055761455316e-17
2806,-7.70617876162251e-17
2807,-7.7382804376091e-17
2808,-7.76402106099413e-17
2809,-7.76432298302733e-17
2810,-7.78200550331305e-17
2811,-7.7828288945434e-17
2812,-7.79264013658149e-17
2813,-7.89128575301203e-17
2814,-7.92515849662572e-17
2815,-7.95197835862825e-17
2816,-7.95870315279788e-17
2817,-8.008815500528e-17
2818,-8.0412446747217e-17
2819,-8.04372114671952e-17
2820,-8.08998590257046e-17
2821,-8.09927945868726e-17
2822,-8.10269168303641e-17
2823,-8.10886624212678e-17
2824,-8.13122585025934e-17
2825,-8.1662598931449e-17
2826,-8.18055561325067e-17
2827,-8.21166620719181e-17
2828,-8.21905055152475e-17
2829,-8.22781025775399e-17
2830,-8.24531625878939e-17
2831,-8.26705416111769e-17
2832,-8.29647603867515e-17
2833,-8.30417750681907e-17
2834,-8.3052227658858e-17
2835,-8.31197884067302e-17
2836,-8.32164716868628e-17
2837,-8.324499497186e-17
2838,-8.32538642253486e-17
2839,-8.4402039610729e-17
2840,-8.55752209100065e-17
2841,-8.56513348792187e-17
2842,-8.58437713016708e-17
2843,-8.58971863431525e-17
2844,-8.59013356289245e-17
2845,-8.62191967053528e-17
2846,-8.64329813035164e-17
2847,-8.70221174157006e-17
2848,-8.7379395134535e-17
2849,-8.75228846234084e-17
2850,-8.77593790411071e-17
2851,-8.7898032606039e-17
2852,-8.81128269484006e-17
2853,-8.83155784763538e-17
2854,-8.83895682787403e-17
2855,-8.84356020967389e-17
2856,-8.85697811769875e-17
2857,-8.87843572853681e-17
2858,-8.94982121724179e-17
2859,-8.97362660577857e-17
2860,-8.97883161094909e-17
2861,-8.98642259321771e-17
2862,-8.99304789731684e-17
2863,-9.00151401982569e-17
2864,-9.0498631378242e-17
2865,-9.13510600189148e-17
2866,-9.18787366326211e-17
2867,-9.23562456104359e-17
2868,-9.25806761341511e-17
2869,-9.27846502761393e-17
2870,-9.29344783824262e-17
2871,-9.30558865445004e-17
2872,-9.35604895366838e-17
2873,-9.3572325230091e-17
2874,-9.37986744114704e-17
2875,-9.39886209152637e-17
2876,-9.45970102795225e-17
2877,-9.47277196084236e-17
2878,-9.48820645862492e-17
2879,-9.52783328607718e-17
2880,-9.55150563957589e-17
2881,-9.5644575310485e-17
2882,-9.64276282149034e-17
2883,-9.69452369244563e-17
2884,-9.72571252491895e-17
2885,-9.76028985369261e-17
2886,-9.7674871752281e-17
2887,-9.7776818100417e-17
2888,-9.78661842161574e-17
2889,-9.83096910497533e-17
2890,-9.88622936846168e-17
2891,-9.93321516175136e-17
2892,-9.96039188708064e-17
2893,-9.97470972711874e-17
2894,-1.00657130735215e-16
2895,-1.0146826013368e-16
2896,-1.01765558504639e-16
2897,-1.01774317851123e-16
2898,-1.02183679064166e-16
2899,-1.02455201647074e-16
2900,-1.02707993604191e-16
2901,-1.02746114666907e-16
2902,-1.02910667070277e-16
2903,-1.02958919718381e-16
2904,-1.03038768043573e-16
2905,-1.03305375636013e-16
2906,-1.03525137886955e-16
2907,-1.03645570858516e-16
2908,-1.03961827410194e-16
2909,-1.04263966261853e-16
2910,-1.04292660552198e-16
2911,-1.04500583267767e-16
2912,-1.04943110180617e-16
2913,-1.05896025973618e-16
2914,-1.06575582171752e-16
2915,-1.06944608518322e-16
2916,-1.06972082075864e-16
2917,-1.0707257812142e-16
2918,-1.07519627095906e-16
2919,-1.0770318346205e-16
2920,-1.09104438792261e-16
2921,-1.09369114584314e-16
2922,-1.09727925043947e-16
2923,-1.10029100189405e-16
2924,-1.10334479009104e-16
2925,-1.10699886515374e-16
2926,-1.10740416814625e-16
2927,-1.10949882487982e-16
2928,-1.11633251921696e-16
2929,-1.11894343999694e-16
2930,-1.11945565360826e-16
2931,-1.12078027822628e-16
2932,-1.12436951893651e-16
2933,-1.1247906589008e-16
2934,-1.12614174387161e-16
2935,-1.13390916341718e-16
2936,-1.13713561762562e-16
2937,-1.1380044739418e-16
2938,-1.14539353417727e-16
2939,-1.14563492943088e-16
2940,-1.15483420384502e-16
2941,-1.15631937176878e-16
2942,-1.16175903994762e-16
2943,-1.1735365854833e-16
2944,-1.1797904732675e-16
2945,-1.17988725950097e-16
2946,-1.18184044141342e-16
2947,-1.19427407602288e-16
2948,-1.19555767219386e-16
2949,-1.19665795878963e-16
2950,-1.19808684813113e-16
2951,-1.20111451439527e-16
2952,-1.20206875853277e-16
2953,-1.20252490130499e-16
2954,-1.2101332231357e-16
2955,-1.21990503856562e-16
2956,-1.22222210052431e-16
2957,-1.22691658000524e-16
2958,-1.22789194610063e-16
2959,-1.22934192354623e-16
2960,-1.2321972435834e-16
2961,-1.2328244430564e-16
2962,-1.23885187063303e-16
2963,-1.24795073037921e-16
2964,-1.2486630366123e-16
2965,-1.24946769363801e-16
2966,-1.25484891268562e-16
2967,-1.2548515593184e-16
2968,-1.26117951976813e-16
2969,-1.26415849605355e-16
2970,-1.26587304288608e-16
2971,-1.2664652565861e-16
2972,-1.27221212498128e-16
2973,-1.2758145361192e-16
2974,-1.27597995208101e-16
2975,-1.27854683573217e-16
2976,-1.28280996853231e-16
2977,-1.29298472831878e-16
2978,-1.29844993480709e-16
2979,-1.30242384424541e-16
2980,-1.31342106748623e-16
2981,-1.3154495449664e-16
2982,-1.31555705678115e-16
2983,-1.31918436244621e-16
2984,-1.32250056981327e-16
2985,-1.32795761919884e-16
2986,-1.33094044545133e-16
2987,-1.33141700717929e-16
2988,-1.33395521183092e-16
2989,-1.33792739235379e-16
2990,-1.34101406599786e-16
2991,-1.34796280846203e-16
2992,-1.35305090385901e-16
2993,-1.35335591338467e-16
2994,-1.35525401560466e-16
2995,-1.35791151363041e-16
2996,-1.36191148941768e-16
2997,-1.36653561323787e-16
2998,-1.36800041068175e-16
2999,-1.37089644978294e-16
3000,-1.37808074778193e-16
3001,-1.38509722518257e-16
3002,-1.38921126068529e-16
3003,-1.39305714858285e-16
3004,-1.39347861843224e-16
3005,-1.39351789314462e-16
3006,-1.39817850526851e-16
3007,-1.40061677215576e-16
3008,-1.4013068307562e-16
3009,-1.40471111005489e-16
3010,-1.40488356078555e-16
3011,-1.40631558053717e-16
3012,-1.41522197462107e-16
3013,-1.41646785988223e-16
3014,-1.42028314836008e-16
3015,-1.4210161797477e-16
3016,-1.42398112037284e-16
3017,-1.42603713700109e-16
3018,-1.43051689967165e-16
3019,-1.43620303640847e-16
3020,-1.43666737670506e-16
3021,-1.43870651752388e-16
3022,-1.4459852761535e-16
3023,-1.44998394939349e-16
3024,-1.45416490938773e-16
3025,-1.46336765208113e-16
3026,-1.46662992712499e-16
3027,-1.4673636659359e-16
3028,-1.46818831336297e-16
3029,-1.47078119441998e-16
3030,-1.4722307186144e-16
3031,-1.47762988924254e-16
3032,-1.48015640155164e-16
3033,-1.49449697239963e-16
3034,-1.5003185810791e-16
3035,-1.5057986436035e-16
3036,-1.51056143043843e-16
3037,-1.51131775166962e-16
3038,-1.52397201430732e-16
3039,-1.52519875532358e-16
3040,-1.52746938632497e-16
3041,-1.52856216864563e-16
3042,-1.53116259007603e-16
3043,-1.53209740927686e-16
3044,-1.53246818997103e-16
3045,-1.54233655352764e-16
3046,-1.5493604298143e-16
3047,-1.55075504396163e-16
3048,-1.55347773083513e-16
3049,-1.56623911337681e-16
3050,-1.58031262664401e-16
3051,-1.58137664153653e-16
3052,-1.58674470484268e-16
3053,-1.58740629529359e-16
3054,-1.58872201248046e-16
3055,-1.58875791317717e-16
3056,-1.60036708411025e-16
3057,-1.60084344485881e-16
3058,-1.60289587455377e-16
3059,-1.60410257249039e-16
3060,-1.62042654489061e-16
3061,-1.62139144520116e-16
3062,-1.63385476814227e-16
3063,-1.63576124929639e-16
3064,-1.64590013862642e-16
3065,-1.64750366878807e-16
3066,-1.65554749826229e-16
3067,-1.66146067142127e-16
3068,-1.66403187105078e-16
3069,-1.66514169134498e-16
3070,-1.66716835712364e-16
3071,-1.67189258607696e-16
3072,-1.67623553846722e-16
3073,-1.68355968907682e-16
3074,-1.68627213523821e-16
3075,-1.68810366020515e-16
3076,-1.69992329085569e-16
3077,-1.70408407584257e-16
3078,-1.71171732874994e-16
3079,-1.71788662469033e-16
3080,-1.71865057831227e-16
3081,-1.72820303128655e-16
3082,-1.72965153410142e-16
3083,-1.72997565651081e-16
3084,-1.73360545724793e-16
3085,-1.73450607579356e-16
3086,-1.75088212153693e-16
3087,-1.75677027570099e-16
3088,-1.7585291852839e-16
3089,-1.75909180500947e-16
3090,-1.76021233342824e-16
3091,-1.7685357709882e-16
3092,-1.77307453124085e-16
3093,-1.77466227633909e-16
3094,-1.7801900519985e-16
3095,-1.78534553216796e-16
3096,-1.80733780456248e-16
3097,-1.81170935716941e-16
3098,-1.81323007122635e-16
3099,-1.8142360008405e-16
3100,-1.82092354018993e-16
3101,-1.8309136042359e-16
3102,-1.83454148621116e-16
3103,-1.84594569515015e-16
3104,-1.84661015767972e-16
3105,-1.84911603125876e-16
3106,-1.85652504570743e-16
3107,-1.86057800832987e-16
3108,-1.86912031105522e-16
3109,-1.86924454519337e-16
3110,-1.87702781589476e-16
3111,-1.88162975343019e-16
3112,-1.88477574946572e-16
3113,-1.88828676106577e-16
3114,-1.89170582785484e-16
3115,-1.8944593876779e-16
3116,-1.90480140767417e-16
3117,-1.90622875892114e-16
3118,-1.90706727711539e-16
3119,-1.91674372762109e-16
3120,-1.91724146923594e-16
3121,-1.92395978336728e-16
3122,-1.9254144264866e-16
3123,-1.92993281250449e-16
3124,-1.93125134729206e-16
3125,-1.93858164785578e-16
3126,-1.94368688567611e-16
3127,-1.94426560285322e-16
3128,-1.94586794423616e-16
3129,-1.95063125297973e-16
3130,-1.95334033366347e-16
3131,-1.95385304654454e-16
3132,-1.95762220779182e-16
3133,-1.97247423438308e-16
3134,-1.97776631882816e-16
3135,-1.98312662762252e-16
3136,-1.99820133569244e-16
3137,-2.00359330483663e-16
3138,-2.02024074587706e-16
3139,-2.02391149289931e-16
3140,-2.02951086501654e-16
3141,-2.03077491860908e-16
3142,-2.03169972713769e-16
3143,-2.03320393720189e-16
3144,-2.03425902353458e-16
3145,-2.03481993317814e-16
3146,-2.04793899526719e-16
3147,-2.04989030845843e-16
3148,-2.05347679042298e-16
3149,-2.06289815192758e-16
3150,-2.06582805343218e-16
3151,-2.0737088476041e-16
3152,-2.08117862690467e-16
3153,-2.0847306475246e-16
3154,-2.08581732512613e-16
3155,-2.08929172232663e-16
3156,-2.0894107383092e-16
3157,-2.09177772655728e-16
3158,-2.09222110102581e-16
3159,-2.09514962840314e-16
3160,-2.10012766133381e-16
3161,-2.10474533733065e-16
3162,-2.12139354508157e-16
3163,-2.12160584593811e-16
3164,-2.12412267604611e-16
3165,-2.13749063280426e-16
3166,-2.14032392324686e-16
3167,-2.16226664518983e-16
3168,-2.16366840195789e-16
3169,-2.16521271291535e-16
3170,-2.18169700118124e-16
3171,-2.19132459233012e-16
3172,-2.19490760768278e-16
3173,-2.19684934177704e-16
3174,-2.19821957681358e-16
3175,-2.19857939071139e-16
3176,-2.20055036098855e-16
3177,-2.20491810455429e-16
3178,-2.20773228366958e-16
3179,-2.21868942876631e-16
3180,-2.22049195138033e-16
3181,-2.22350216643154e-16
3182,-2.22756572199311e-16
3183,-2.23734230145952e-16
3184,-2.23875529027953e-16
3185,-2.25234237329636e-16
3186,-2.25931569141482e-16
3187,-2.26280584172092e-16
3188,-2.27000559046579e-16
3189,-2.27491720480548e-16
3190,-2.2764769737965e-16
3191,-2.29195370103991e-16
3192,-2.30999720981709e-16
3193,-2.31259365483697e-16
3194,-2.3223370227243e-16
3195,-2.3276665041759e-16
3196,-2.33003194885428e-16
3197,-2.33024046057262e-16
3198,-2.33088583591219e-16
3199,-2.3404334670394e-16
3200,-2.34135520767086e-16
3201,-2.34512734832563e-16
3202,-2.34695604200321e-16
3203,-2.34742823170711e-16
3204,-2.35498646735983e-16
3205,-2.35804814297736e-16
3206,-2.36398963043002e-16
3207,-2.36737894763725e-16
3208,-2.3802888915125e-16
3209,-2.38188305852076e-16
3210,-2.38902944814759e-16
3211,-2.39481639702986e-16
3212,-2.40261471657926e-16
3213,-2.4076624648734e-16
3214,-2.4164664624511e-16
3215,-2.42509393824805e-16
3216,-2.43136700823956e-16
3217,-2.44810503550627e-16
3218,-2.45314300462859e-16
3219,-2.45660733613547e-16
3220,-2.45717434748804e-16
3221,-2.45800987116884e-16
3222,-2.45849293564671e-16
3223,-2.49381115396937e-16
3224,-2.49679899503522e-16
3225,-2.49856753095011e-16
3226,-2.50004570886501e-16
3227,-2.50865450722238e-16
3228,-2.5127701173736e-16
3229,-2.51927276775608e-16
3230,-2.52013340314447e-16
3231,-2.52889695664747e-16
3232,-2.53398882291615e-16
3233,-2.54356707057354e-16
3234,-2.55045100921191e-16
3235,-2.56631505992552e-16
3236,-2.56935945617435e-16
3237,-2.57274130905716e-16
3238,-2.57331838843335e-16
3239,-2.57954138300294e-16
3240,-2.58345577687073e-16
3241,-2.59042590488952e-16
3242,-2.59126979937912e-16
3243,-2.61435051359793e-16
3244,-2.61882808313202e-16
3245,-2.62827754757425e-16
3246,-2.63007143460354e-16
3247,-2.64071051592021e-16
3248,-2.64730226019508e-16
3249,-2.65273061750132e-16
3250,-2.65981068947819e-16
3251,-2.66850589514074e-16
3252,-2.68239187939641e-16
3253,-2.68707254327652e-16
3254,-2.68925181094511e-16
3255,-2.69009667804717e-16
3256,-2.69162571096537e-16
3257,-2.706091191857e-16
3258,-2.71264610644456e-16
3259,-2.7195784728693e-16
3260,-2.74330433735763e-16
3261,-2.7447925314767e-16
3262,-2.74809962269973e-16
3263,-2.75325766206987e-16
3264,-2.75345832565402e-16
3265,-2.76036883003753e-16
3266,-2.76682627201441e-16
3267,-2.78429708942582e-16
3268,-2.78589770289288e-16
3269,-2.79152159387168e-16
3270,-2.79909963275081e-16
3271,-2.8028346272497e-16
3272,-2.8082843981627e-16
3273,-2.81339910869431e-16
3274,-2.81530474929637e-16
3275,-2.81544781983756e-16
3276,-2.81607967572613e-16
3277,-2.8167357740911e-16
3278,-2.82154149772178e-16
3279,-2.82363157169125e-16
3280,-2.84063983617828e-16
3281,-2.85409473372273e-16
3282,-2.86342884214728e-16
3283,-2.86595207759503e-16
3284,-2.86643715870199e-16
3285,-2.87117351218739e-16
3286,-2.88435500157258e-16
3287,-2.88914373427487e-16
3288,-2.89407336668287e-16
3289,-2.90901398817657e-16
3290,-2.91478897860226e-16
3291,-2.9176952539657e-16
3292,-2.9185707454668e-16
3293,-2.92567121807911e-16
3294,-2.92664720339432e-16
3295,-2.93271919528047e-16
3296,-2.94695661845619e-16
3297,-2.95109773965991e-16
3298,-2.95846644337634e-16
3299,-2.9603002193402e-16
3300,-2.98429266071235e-16
3301,-2.99040224012438e-16
3302,-2.9914958778051e-16
3303,-2.99380249713943e-16
3304,-2.99921083467121e-16
3305,-3.01565257747832e-16
3306,-3.01700440471278e-16
3307,-3.02139195789604e-16
3308,-3.03121493001155e-16
3309,-3.03507988991353e-16
3310,-3.04001444153122e-16
3311,-3.04121077605005e-16
3312,-3.04139566039269e-16
3313,-3.04343595357123e-16
3314,-3.08103723259691e-16
3315,-3.08757165545481e-16
3316,-3.10538321196631e-16
3317,-3.11844081798201e-16
3318,-3.1218619833828e-16
3319,-3.12809307283806e-16
3320,-3.12845382534664e-16
3321,-3.13044446645166e-16
3322,-3.14082805339473e-16
3323,-3.14286457306847e-16
3324,-3.16244810401376e-16
3325,-3.16610299639691e-16
3326,-3.16871643007263e-16
3327,-3.17284350016546e-16
3328,-3.180303416865e-16
3329,-3.18043439298624e-16
3330,-3.19982357992943e-16
3331,-3.20205535346493e-16
3332,-3.21326681855613e-16
3333,-3.21429932109889e-16
3334,-3.2257448344203e-16
3335,-3.23309807527445e-16
3336,-3.23397477316253e-16
3337,-3.24613808230949e-16
3338,-3.24831200587559e-16
3339,-3.25268384694581e-16
3340,-3.27888154141579e-16
3341,-3.28003940831231e-16
3342,-3.2818197007788e-16
3343,-3.29278391916096e-16
3344,-3.29481705824946e-16
3345,-3.31743454220798e-16
3346,-3.32440437277509e-16
3347,-3.33258470093126e-16
3348,-3.33540106046205e-16
3349,-3.33951477510331e-16
3350,-3.34994238827098e-16
3351,-3.35534189803344e-16
3352,-3.35635359374204e-16
3353,-3.3646566753444e-16
3354,-3.36514428546863e-16
3355,-3.37462734476025e-16
3356,-3.38197406154284e-16
3357,-3.39228116452862e-16
3358,-3.39322875389647e-16
3359,-3.40009910461569e-16
3360,-3.40299590088866e-16
3361,-3.41018509576262e-16
3362,-3.41688295531875e-16
3363,-3.42315282940286e-16
3364,-3.43504111113211e-16
3365,-3.44564258941437e-16
3366,-3.44774813838071e-16
3367,-3.45375947466135e-16
3368,-3.47252477230953e-16
3369,-3.47332020191254e-16
3370,-3.47587826772142e-16
3371,-3.48365072042524e-16
3372,-3.48796068515307e-16
3373,-3.48963368971743e-16
3374,-3.49110313655653e-16
3375,-3.49600485390926e-16
3376,-3.50041944125411e-16
3377,-3.50158534656457e-16
3378,-3.52537950261904e-16
3379,-3.53102020343745e-16
3380,-3.54098364352603e-16
3381,-3.5425300885484e-16
3382,-3.54828230103654e-16
3383,-3.55374750223582e-16
3384,-3.55761073222009e-16
3385,-3.57918028282158e-16
3386,-3.58667760386814e-16
3387,-3.59502422730095e-16
3388,-3.60031794725122e-16
3389,-3.60383667698883e-16
3390,-3.62345058547449e-16
3391,-3.62403217689784e-16
3392,-3.62466383110422e-16
3393,-3.63024454928633e-16
3394,-3.66537236123163e-16
3395,-3.68269545297565e-16
3396,-3.70347270731608e-16
3397,-3.71070286831483e-16
3398,-3.71070724458304e-16
3399,-3.7190190304928e-16
3400,-3.72229173416976e-16
3401,-3.72875626915236e-16
3402,-3.73942852388136e-16
3403,-3.74093137443922e-16
3404,-3.74192808151519e-16
3405,-3.75024794157525e-16
3406,-3.78031451140572e-16
3407,-3.80017339667539e-16
3408,-3.80028720348842e-16
3409,-3.80495761184885e-16
3410,-3.80512103543646e-16
3411,-3.82651414824885e-16
3412,-3.82749080014369e-16
3413,-3.83818051685594e-16
3414,-3.84895808657959e-16
3415,-3.84984507610572e-16
3416,-3.85174577138966e-16
3417,-3.85670115293359e-16
3418,-3.88218081708736e-16
3419,-3.88925157028481e-16
3420,-3.89366725433562e-16
3421,-3.93474887292994e-16
3422,-3.94115750042178e-16
3423,-3.94274541290246e-16
3424,-3.94559340165736e-16
3425,-3.94685571932383e-16
3426,-3.96540144858279e-16
3427,-3.98299086256932e-16
3428,-3.99856166872277e-16
3429,-4.00354844432758e-16
3430,-4.00937664351823e-16
3431,-4.01069120347904e-16
3432,-4.01221661120772e-16
3433,-4.01658578916943e-16
3434,-4.01905704855138e-16
3435,-4.03925889501885e-16
3436,-4.04762025339378e-16
3437,-4.05526118381068e-16
3438,-4.05823847936913e-16
3439,-4.0826291987144e-16
3440,-4.09321830495379e-16
3441,-4.09984603104642e-16
3442,-4.09987505313464e-16
3443,-4.10226471075204e-16
3444,-4.10435475206733e-16
3445,-4.11570627324147e-16
3446,-4.11766671495398e-16
3447,-4.12816566032413e-16
3448,-4.13880729311795e-16
3449,-4.13903340439891e-16
3450,-4.16518046902416e-16
3451,-4.19386195730189e-16
3452,-4.20175747377507e-16
3453,-4.21137052371278e-16
3454,-4.21880982565085e-16
3455,-4.22173400874561e-16
3456,-4.22253810826309e-16
3457,-4.2288480003016e-16
3458,-4.23200457854373e-16
3459,-4.24651937479716e-16
3460,-4.2517811297687e-16
3461,-4.25703354558119e-16
3462,-4.26034967322707e-16
3463,-4.27201107814997e-16
3464,-4.29380832849815e-16
3465,-4.29918474505094e-16
3466,-4.30708104863328e-16
3467,-4.31700144084986e-16
3468,-4.33362282122982e-16
3469,-4.35437905505594e-16
3470,-4.3560878153515e-16
3471,-4.37259709113751e-16
3472,-4.38089710727636e-16
3473,-4.38842667783278e-16
3474,-4.39262405488819e-16
3475,-4.40407125197528e-16
3476,-4.40456189689287e-16
3477,-4.43183797972578e-16
3478,-4.43962133695008e-16
3479,-4.44081546103638e-16
3480,-4.46465728748266e-16
3481,-4.46576675707099e-16
3482,-4.48226264502471e-16
3483,-4.48250979919727e-16
3484,-4.48569181902871e-16
3485,-4.49354248733011e-16
3486,-4.50930717885054e-16
3487,-4.51118756494502e-16
3488,-4.52298425735459e-16
3489,-4.54246735538583e-16
3490,-4.55919221046552e-16
3491,-4.56621066863548e-16
3492,-4.59316108348279e-16
3493,-4.61340624704712e-16
3494,-4.61695527094438e-16
3495,-4.62014717227386e-16
3496,-4.62214078284363e-16
3497,-4.62501304806068e-16
3498,-4.63351755833486e-16
3499,-4.65146194367598e-16
3500,-4.65320789975987e-16
3501,-4.67510064713667e-16
3502,-4.67821769220008e-16
3503,-4.6941606970284e-16
3504,-4.69640673734143e-16
3505,-4.71738562418652e-16
3506,-4.72338196960881e-16
3507,-4.72924855481818e-16
3508,-4.74222434561946e-16
3509,-4.75549665798897e-16
3510,-4.75716238678003e-16
3511,-4.76256149446318e-16
3512,-4.77130768234593e-16
3513,-4.7764088079599e-16
3514,-4.78604608109162e-16
3515,-4.81416250265835e-16
3516,-4.84433695060765e-16
3517,-4.86052355963824e-16
3518,-4.87722688551417e-16
3519,-4.87834388300754e-16
3520,-4.87948481946756e-16
3521,-4.88032906151767e-16
3522,-4.88765953987512e-16
3523,-4.88858546096099e-16
3524,-4.88932347770936e-16
3525,-4.9019523231132e-16
3526,-4.90774865833714e-16
3527,-4.94051617539185e-16
3528,-4.94210760531716e-16
3529,-4.94702389724067e-16
3530,-4.95284589873157e-16
3531,-4.97469437263123e-16
3532,-4.98280160521937e-16
3533,-4.99606769757968e-16
3534,-4.99979624060762e-16
3535,-5.00221009780303e-16
3536,-5.02263186895229e-16
3537,-5.0489291781342e-16
3538,-5.05563958783647e-16
3539,-5.06990463399422e-16
3540,-5.07251527089015e-16
3541,-5.07958885444148e-16
3542,-5.11888717149967e-16
3543,-5.11958536099418e-16
3544,-5.13918631051765e-16
3545,-5.16843044123213e-16
3546,-5.16949676094974e-16
3547,-5.19581233568573e-16
3548,-5.20365592411562e-16
3549,-5.20369092026352e-16
3550,-5.21032088914442e-16
3551,-5.2236226419379e-16
3552,-5.22722772140623e-16
3553,-5.24523794094683e-16
3554,-5.27456220152474e-16
3555,-5.28824818267528e-16
3556,-5.29422985275035e-16
3557,-5.30871356737911e-16
3558,-5.31101794199284e-16
3559,-5.31534608921662e-16
3560,-5.31550894049701e-16
3561,-5.32069563397766e-16
3562,-5.3225342267503e-16
3563,-5.32783666127463e-16
3564,-5.34654502056651e-16
3565,-5.35301468675888e-16
3566,-5.37645408065444e-16
3567,-5.37989035130072e-16
3568,-5.44140870423955e-16
3569,-5.47585596730725e-16
3570,-5.48759662394158e-16
3571,-5.49291756496541e-16
3572,-5.50011064794851e-16
3573,-5.51622248587505e-16
3574,-5.55653736319474e-16
3575,-5.56554408072228e-16
3576,-5.56581385249208e-16
3577,-5.58478535572377e-16
3578,-5.58619329635208e-16
3579,-5.59009919655763e-16
3580,-5.60229235069885e-16
3581,-5.61117057735288e-16
3582,-5.62555022534845e-16
3583,-5.66222633409264e-16
3584,-5.67770793548114e-16
3585,-5.67918026449504e-16
3586,-5.68848394739939e-16
3587,-5.69466034325852e-16
3588,-5.69729162336979e-16
3589,-5.70978138683198e-16
3590,-5.72843034048343e-16
3591,-5.75543174013363e-16
3592,-5.76471093867614e-16
3593,-5.77522265811455e-16
3594,-5.78937782920612e-16
3595,-5.80017504933807e-16
3596,-5.81344669457584e-16
3597,-5.8166851507984e-16
3598,-5.81700057472042e-16
3599,-5.82243721093604e-16
3600,-5.82699326840966e-16
3601,-5.82909697840024e-16
3602,-5.83713381514746e-16
3603,-5.85261930065799e-16
3604,-5.87488079694449e-16
3605,-5.89255518771062e-16
3606,-5.92133378070825e-16
3607,-5.93421642617403e-16
3608,-5.93654792260519e-16
3609,-5.95983331029898e-16
3610,-5.96988591146628e-16
3611,-6.00427089939497e-16
3612,-6.04597356493945e-16
3613,-6.0630719518654e-16
3614,-6.06785134027184e-16
3615,-6.07084176295391e-16
3616,-6.08395327740743e-16
3617,-6.09905350616202e-16
3618,-6.11772265099439e-16
3619,-6.12642349129026e-16
3620,-6.1406655635869e-16
3621,-6.156253276519e-16
3622,-6.16871488412402e-16
3623,-6.17448262793103e-16
3624,-6.19780957690607e-16
3625,-6.21054793595575e-16
3626,-6.22739187636233e-16
3627,-6.26228911241644e-16
3628,-6.26362111821006e-16
3629,-6.27016787068733e-16
3630,-6.28952359315297e-16
3631,-6.29162566912978e-16
3632,-6.30285446737117e-16
3633,-6.31294029212548e-16
3634,-6.32132832764406e-16
3635,-6.34134413689944e-16
3636,-6.37080937675629e-16
3637,-6.37094403580125e-16
3638,-6.40989309119611e-16
3639,-6.43207633812333e-16
3640,-6.45080254401526e-16
3641,-6.45615591241739e-16
3642,-6.50155091793082e-16
3643,-6.50635194318763e-16
3644,-6.54581619502708e-16
3645,-6.56308125345336e-16
3646,-6.62481126581748e-16
3647,-6.63754820030528e-16
3648,-6.64031491028638e-16
3649,-6.68143151424469e-16
3650,-6.68858818591352e-16
3651,-6.6886404950132e-16
3652,-6.71968463845186e-16
3653,-6.72266212848897e-16
3654,-6.72462553008242e-16
3655,-6.74436817618816e-16
3656,-6.82277538040683e-16
3657,-6.84459899011258e-16
3658,-6.84587446548238e-16
3659,-6.86515538354557e-16
3660,-6.86801220232963e-16
3661,-6.8799113327832e-16
3662,-6.90756780272989e-16
3663,-6.91388581465031e-16
3664,-6.91782699619715e-16
3665,-6.92955772521313e-16
3666,-6.96048896996062e-16
3667,-7.00068549452694e-16
3668,-7.00646018578136e-16
3669,-7.01143779645695e-16
3670,-7.0169435550057e-16
3671,-7.08917066239041e-16
3672,-7.12455178750321e-16
3673,-7.16466260375729e-16
3674,-7.17595371732947e-16
3675,-7.20195376950576e-16
3676,-7.23638101894711e-16
3677,-7.23933566167086e-16
3678,-7.25048044648788e-16
3679,-7.26073413397883e-16
3680,-7.26553716604808e-16
3681,-7.27833437173332e-16
3682,-7.27852012116458e-16
3683,-7.38125163992597e-16
3684,-7.41007547799865e-16
3685,-7.43170132683835e-16
3686,-7.44252553820373e-16
3687,-7.45609775906449e-16
3688,-7.46132604005948e-16
3689,-7.47785880581397e-16
3690,-7.59255761178356e-16
3691,-7.63247262861043e-16
3692,-7.67635902552733e-16
3693,-7.6871114437975e-16
3694,-7.70736958070332e-16
3695,-7.7235217734718e-16
3696,-7.74927428615897e-16
3697,-7.79836665931658e-16
3698,-7.8305865086549e-16
3699,-7.96120406756057e-16
3700,-8.01573186607252e-16
3701,-8.06435687947432e-16
3702,-8.07181013978386e-16
3703,-8.13633810213273e-16
3704,-8.24262245365094e-16
3705,-8.32287430755786e-16
3706,-8.49997027069132e-16
3707,-8.6352024599985e-16
3708,-8.63648303877463e-16
3709,-8.66373443663561e-16
3710,-8.69169076170388e-16
3711,-8.6986514086781e-16
3712,-8.97724390282428e-16
3713,-9.21482265993372e-16
3714,-9.33666026333579e-16
3715,-9.55775982495822e-16
3716,-9.82060415907047e-16
3717,-9.9314127356588e-16
3718,-9.94677220848553e-16
3719,-1.01243101737614e-15
3720,-1.12006727944838e-15
3721,-1.14176698203743e-15
