1,7.78048262366134e-06
2,7.58542379180602e-06
3,7.0551814661801e-06
4,6.70481730894665e-06
5,6.39724561919423e-06
6,5.85014488505945e-06
7,5.75055921659017e-06
8,4.99247180242106e-06
9,4.79449687006972e-06
10,4.44161544766968e-06
11,4.42909077945966e-06
12,4.16815461804601e-06
13,3.96186935072376e-06
14,3.79067274523981e-06
15,3.65114514093303e-06
16,3.41780582945158e-06
17,3.28880200016869e-06
18,3.12551378763057e-06
19,2.8925639191623e-06
20,2.75246036328734e-06
21,2.65140722672346e-06
22,2.52087339708077e-06
23,2.33091856778138e-06
24,2.29643649677531e-06
25,2.23411920379394e-06
26,2.15366088718359e-06
27,2.07005407120255e-06
28,1.95443806190425e-06
29,1.84272741605605e-06
30,1.73674273361086e-06
31,1.68319006229612e-06
32,1.66192891466906e-06
33,1.5340429120179e-06
34,1.50527046101047e-06
35,1.43057060787021e-06
36,1.37211530996959e-06
37,1.3065696451882e-06
38,1.25823748617958e-06
39,1.21649432864687e-06
40,1.19016532328081e-06
41,1.06643033858129e-06
42,1.03508971831659e-06
43,1.00771281982964e-06
44,9.46262488295471e-07
45,9.12733171107296e-07
46,8.71040103990408e-07
47,8.15765486533877e-07
48,8.1308962661513e-07
49,7.81667979210955e-07
50,7.32334147947888e-07
51,6.74104503037272e-07
52,6.48978803542687e-07
53,6.02351523381764e-07
54,5.91405602895669e-07
55,5.77449761127927e-07
56,5.44317392194493e-07
57,5.24108535943754e-07
58,4.89674119867832e-07
59,4.84580246226129e-07
60,4.37430738787762e-07
61,4.25766752227196e-07
62,4.11603590012894e-07
63,4.01539603479751e-07
64,3.81618389344194e-07
65,3.62300206824127e-07
66,3.49951241617695e-07
67,3.33872043968547e-07
68,3.13487777996817e-07
69,3.08217893569247e-07
70,2.9048275459393e-07
71,2.79981039291611e-07
72,2.6661133988476e-07
73,2.6149333673842e-07
74,2.42500288349661e-07
75,2.34537213309065e-07
76,2.18923144702532e-07
77,2.07108013645044e-07
78,2.00403218161057e-07
79,1.97057144812989e-07
80,1.88716723029916e-07
81,1.85831983393464e-07
82,1.8034814180377e-07
83,1.68479472823987e-07
84,1.64143548110397e-07
85,1.54292631430569e-07
86,1.52085052999636e-07
87,1.39903437208358e-07
88,1.3656275023877e-07
89,1.31291554733643e-07
90,1.27608231778023e-07
91,1.24781283143562e-07
92,1.19828914669045e-07
93,1.15481070864806e-07
94,1.12651478164698e-07
95,1.07262613013712e-07
96,1.04097438838799e-07
97,9.97517214790073e-08
98,9.39008859098984e-08
99,8.93739608836481e-08
100,8.77364384735964e-08
101,8.33606862212136e-08
102,8.05419687456901e-08
103,7.57032764838116e-08
104,7.45141062647212e-08
105,6.9574761593565e-08
106,6.80825315869561e-08
107,6.46162678448694e-08
108,6.28920155649276e-08
109,6.09951554791215e-08
110,5.98573083602119e-08
111,5.5903455700749e-08
112,5.57961968238027e-08
113,5.39716691414579e-08
114,5.1351666867502e-08
115,4.73523699592603e-08
116,4.63862185006647e-08
117,4.59502776394044e-08
118,4.4300610072932e-08
119,4.31940233327771e-08
120,3.88208777733144e-08
121,3.67919160324598e-08
122,3.59238765245452e-08
123,3.49617687501805e-08
124,3.31627592833579e-08
125,3.20339844592189e-08
126,3.0602747088854e-08
127,3.00205923910455e-08
128,2.96043753654429e-08
129,2.82223512896369e-08
130,2.57371565706547e-08
131,2.52416399887591e-08
132,2.36316837401691e-08
133,2.34418171163802e-08
134,2.30296810318913e-08
135,2.17960029089982e-08
136,2.09021570607751e-08
137,2.02687886289694e-08
138,1.97128578564975e-08
139,1.88458888168849e-08
140,1.7753892647488e-08
141,1.65359912099604e-08
142,1.62779825544684e-08
143,1.58609421788928e-08
144,1.50901528468322e-08
145,1.43655463714833e-08
146,1.3536065764563e-08
147,1.33405510177062e-08
148,1.28914202016154e-08
149,1.21903416931081e-08
150,1.19441854436278e-08
151,1.11382808890298e-08
152,1.08084181736977e-08
153,1.02477659559709e-08
154,1.01300187571122e-08
155,9.66783193275366e-09
156,9.33357949220373e-09
157,9.13986295622074e-09
158,8.67911806177055e-09
159,8.20027240885707e-09
160,8.14858780288257e-09
161,7.65600464927114e-09
162,7.5260891902843e-09
163,7.17906107646238e-09
164,6.5108417228176e-09
165,6.367396883381e-09
166,6.25508026256795e-09
167,5.7368117755565e-09
168,5.58506017060657e-09
169,5.45533559283013e-09
170,5.20009496750564e-09
171,4.93659065110909e-09
172,4.87854872083397e-09
173,4.81991428142227e-09
174,4.52711794084875e-09
175,4.4775879682862e-09
176,4.2785022090076e-09
177,3.92006122159066e-09
178,3.63609044586315e-09
179,3.55074023730952e-09
180,3.42365685402836e-09
181,3.28238126660484e-09
182,3.10427510439527e-09
183,3.01762988174784e-09
184,2.90086880925071e-09
185,2.83218868987121e-09
186,2.76711670109925e-09
187,2.65868312824256e-09
188,2.63226101526757e-09
189,2.48059206317358e-09
190,2.31504585466992e-09
191,2.27658152189543e-09
192,2.16457285254734e-09
193,2.01882624614395e-09
194,1.95028847717856e-09
195,1.90626683925338e-09
196,1.73598438821662e-09
197,1.67678544904195e-09
198,1.59547357040487e-09
199,1.52355637812424e-09
200,1.49031924130762e-09
201,1.4477093777724e-09
202,1.3993441091287e-09
203,1.36447786077118e-09
204,1.2783367966132e-09
205,1.2432676443881e-09
206,1.21110316568982e-09
207,1.14791146390612e-09
208,1.12979565609902e-09
209,1.07663715685972e-09
210,1.00314711952467e-09
211,9.99760813169558e-10
212,8.91758489532973e-10
213,8.72562034761871e-10
214,8.25450432756498e-10
215,8.0111641759874e-10
216,7.52759921318143e-10
217,7.29746727391234e-10
218,7.12409197095688e-10
219,6.7745271359117e-10
220,6.70652234412007e-10
221,6.22277806336357e-10
222,6.15955410003681e-10
223,6.02960049771565e-10
224,5.30324762102161e-10
225,5.12275850241734e-10
226,5.08995124099323e-10
227,4.86745046130483e-10
228,4.45595321143485e-10
229,4.34670525889057e-10
230,4.10339365909157e-10
231,4.0673875213483e-10
232,3.99071219270985e-10
233,3.64537978538833e-10
234,3.48745010050771e-10
235,3.37824533977156e-10
236,3.25179280167346e-10
237,2.99576467505371e-10
238,2.88741288860932e-10
239,2.85169949407858e-10
240,2.78078470047945e-10
241,2.62768309513943e-10
242,2.47927041810075e-10
243,2.3767690330219e-10
244,2.29953740518572e-10
245,2.18070496806435e-10
246,2.06417524153133e-10
247,1.97738800975508e-10
248,1.84770599003872e-10
249,1.74472685377317e-10
250,1.69639368714955e-10
251,1.64571115593258e-10
252,1.56958716469039e-10
253,1.53795941525306e-10
254,1.50615174515852e-10
255,1.34753557320753e-10
256,1.29807729853219e-10
257,1.26152128524586e-10
258,1.23384050341386e-10
259,1.14981104148991e-10
260,1.0877134166182e-10
261,1.03651505011953e-10
262,9.27104394854671e-11
263,8.95047601315864e-11
264,8.58002180695299e-11
265,8.26069338881311e-11
266,8.05979034243705e-11
267,7.80282801310264e-11
268,7.692041386906e-11
269,7.33979536916862e-11
270,7.00225376635213e-11
271,6.56212000181878e-11
272,6.49075600911374e-11
273,5.9942899425595e-11
274,5.60095313368129e-11
275,5.55364071645188e-11
276,5.32551861076687e-11
277,5.03752210265418e-11
278,4.44802339412626e-11
279,4.31397905304315e-11
280,4.22969892465083e-11
281,3.96376271351318e-11
282,3.69905690632102e-11
283,3.51554214352412e-11
284,3.24630864294731e-11
285,3.19232940878622e-11
286,3.04502014593187e-11
287,2.95657201540937e-11
288,2.83486363966293e-11
289,2.71149718668053e-11
290,2.62568788660739e-11
291,2.42309737954607e-11
292,2.39434849014805e-11
293,2.28947511902802e-11
294,2.10332124443837e-11
295,1.92841398287854e-11
296,1.85977506311544e-11
297,1.83833191573194e-11
298,1.73702700317323e-11
299,1.62661169771001e-11
300,1.59105858399314e-11
301,1.52428635293922e-11
302,1.38732262107201e-11
303,1.37369963422137e-11
304,1.30588302211674e-11
305,1.281445622204e-11
306,1.10995088077759e-11
307,1.03743015412217e-11
308,1.0016666834016e-11
309,9.41779756979188e-12
310,9.12912119103423e-12
311,8.49794390149344e-12
312,8.07419811098979e-12
313,7.49706037481727e-12
314,7.07600041408407e-12
315,6.99593460258082e-12
316,6.64527536129307e-12
317,6.42952285851778e-12
318,6.11407176332269e-12
319,5.5098593074538e-12
320,5.18139205497327e-12
321,5.10505532863447e-12
322,4.93186251814259e-12
323,4.6036727908542e-12
324,4.36234554067454e-12
325,4.21595771403531e-12
326,4.14668590499414e-12
327,3.82101872919524e-12
328,3.61657699365802e-12
329,3.3929497313224e-12
330,3.27320412686573e-12
331,3.15927938687657e-12
332,2.87735287225795e-12
333,2.81376401840852e-12
334,2.61632056445248e-12
335,2.35809831119861e-12
336,2.21649820409536e-12
337,2.07494784189473e-12
338,1.99747402154973e-12
339,1.95064441608835e-12
340,1.92960752781805e-12
341,1.72841626614722e-12
342,1.65025341907606e-12
343,1.50204481985105e-12
344,1.44639595230736e-12
345,1.40087930370531e-12
346,1.28450357881158e-12
347,1.18603706108371e-12
348,1.15171196768815e-12
349,1.02684327305749e-12
350,1.01275434300605e-12
351,9.47869772703134e-13
352,9.34267540779852e-13
353,8.94104141690173e-13
354,8.41940588541542e-13
355,7.90854295177036e-13
356,7.55682091860504e-13
357,7.34595281346103e-13
358,6.74518458568862e-13
359,6.34618854865556e-13
360,5.98837042724054e-13
361,5.37244987369149e-13
362,5.17713361057152e-13
363,4.8221566200243e-13
364,4.593000153018e-13
365,4.38095460674155e-13
366,3.94470561046326e-13
367,3.82062020707156e-13
368,3.65269013252099e-13
369,3.53987502817681e-13
370,3.38504526874001e-13
371,3.06254017439565e-13
372,2.96016146143603e-13
373,2.89269061477222e-13
374,2.72654543601078e-13
375,2.31207810528942e-13
376,2.24633967368356e-13
377,2.03554586867513e-13
378,1.96185912259218e-13
379,1.86833747537273e-13
380,1.74628857506018e-13
381,1.61105598344547e-13
382,1.56658405973714e-13
383,1.43867508143193e-13
384,1.35500144993022e-13
385,1.27871191427982e-13
386,1.24094621334675e-13
387,1.19324404072406e-13
388,1.16391610390322e-13
389,1.03925656612817e-13
390,1.00625832502954e-13
391,9.50373160004753e-14
392,8.73554792283007e-14
393,8.21982737951453e-14
394,7.63622484656049e-14
395,7.37508357888148e-14
396,6.98410462703993e-14
397,5.95644294197065e-14
398,5.74738865542973e-14
399,5.58332179712445e-14
400,5.21034006122614e-14
401,5.10299262852162e-14
402,4.88821830777209e-14
403,4.66504653920183e-14
404,4.08774763235737e-14
405,3.60329359065305e-14
406,3.54787610264788e-14
407,3.43084067031308e-14
408,3.14718552150872e-14
409,3.09927082062165e-14
410,2.64461180054924e-14
411,2.55561810196504e-14
412,2.53070949361852e-14
413,2.2582057370447e-14
414,2.09146416920625e-14
415,1.97761027826708e-14
416,1.93255952879175e-14
417,1.83635422192186e-14
418,1.6592444785655e-14
419,1.62530169903053e-14
420,1.50112028181123e-14
421,1.40770294002348e-14
422,1.35919536522817e-14
423,1.31759306118577e-14
424,1.13722542236359e-14
425,1.01524619399191e-14
426,9.62023442109227e-15
427,9.10037558128245e-15
428,8.39183267185257e-15
429,8.16370973230101e-15
430,7.50839773147779e-15
431,7.44512244326326e-15
432,7.04643040160183e-15
433,6.41559078983017e-15
434,5.95934521849698e-15
435,5.75361981378721e-15
436,5.25971387344755e-15
437,4.92484889835075e-15
438,4.49361521517879e-15
439,4.2057680669359e-15
440,4.05083229311314e-15
441,3.84606245739766e-15
442,3.69815395479889e-15
443,3.22707656758186e-15
444,3.05198365116873e-15
445,2.83392682686145e-15
446,2.69875776080056e-15
447,2.61095982067407e-15
448,2.56723120840451e-15
449,2.24897800551317e-15
450,2.20370572464912e-15
451,2.14691500852355e-15
452,1.90137348495761e-15
453,1.85872593507305e-15
454,1.6151575844148e-15
455,1.53491675351861e-15
456,1.39416884213353e-15
457,1.20269779472061e-15
458,1.16901268453644e-15
459,1.15279863451487e-15
460,1.02285971295627e-15
461,9.95813335477355e-16
462,8.96974473448032e-16
463,8.64353726791202e-16
464,8.1187078970072e-16
465,7.77182412190415e-16
466,7.61156711858703e-16
467,7.01367439578214e-16
468,6.69782669676871e-16
469,5.79238417982901e-16
470,5.57456456266066e-16
471,5.13233464623024e-16
472,4.51135827581959e-16
473,4.45687876027034e-16
474,4.19013082355372e-16
475,3.7464909741745e-16
476,3.4498840768639e-16
477,3.20957235065145e-16
478,3.13021478283859e-16
479,3.05413111951841e-16
480,2.88389678670692e-16
481,2.70592044230157e-16
482,2.63798636686039e-16
483,2.47394632701533e-16
484,2.14549674069182e-16
485,2.099621273064e-16
486,2.01483194499785e-16
487,1.75825517135206e-16
488,1.65421864587626e-16
489,1.52455054191968e-16
490,1.48357231233682e-16
491,1.35081390293849e-16
492,1.31718324380365e-16
493,1.20557563392888e-16
494,1.04689419117632e-16
495,9.99545875612906e-17
496,9.38512874633098e-17
497,9.0804773083852e-17
498,8.14385992519013e-17
499,8.12245188849029e-17
500,7.81729497757734e-17
501,6.38259419295499e-17
502,6.09385471546752e-17
503,5.95378336996828e-17
504,5.24727382161858e-17
505,4.92911875347609e-17
506,4.7235101012294e-17
507,4.37895919405805e-17
508,4.00235499273337e-17
509,3.74417546914166e-17
510,3.61131990626917e-17
511,3.20027491401323e-17
512,3.00489878062962e-17
513,2.92487502218309e-17
514,2.74048897808832e-17
515,2.61058837473437e-17
516,2.39239890523879e-17
517,2.23280081126971e-17
518,2.0723012860557e-17
519,1.90004270886913e-17
520,1.76327693780456e-17
521,1.72367833315737e-17
522,1.68408328566142e-17
523,1.58514451936382e-17
524,1.51225844002786e-17
525,1.40213594062989e-17
526,1.37746304550614e-17
527,1.31035624201324e-17
528,1.11815954976452e-17
529,1.04684893656063e-17
530,9.21411801598066e-18
531,8.30030814119792e-18
532,8.06042020812351e-18
533,7.03984178441048e-18
534,6.49678467343558e-18
535,6.2865483329583e-18
536,5.87979548236278e-18
537,5.48939846147994e-18
538,5.30054828032038e-18
539,5.05993223940676e-18
540,4.48195041450642e-18
541,4.06778804083108e-18
542,3.79795599366518e-18
543,3.68210894728265e-18
544,3.15578842526283e-18
545,3.02712065572425e-18
546,2.96693818380209e-18
547,2.61503079025907e-18
548,2.51043480015687e-18
549,2.22104106272255e-18
550,2.15896118913708e-18
551,2.07218962002449e-18
552,1.97328567188852e-18
553,1.89088624246355e-18
554,1.81040262037752e-18
555,1.62139459327582e-18
556,1.59940789684609e-18
557,1.4262788747795e-18
558,1.38288241535822e-18
559,1.24292863298119e-18
560,1.22759684033866e-18
561,1.12331387856578e-18
562,1.08498424657849e-18
563,9.57559176342608e-19
564,9.20741192450612e-19
565,8.51778052364431e-19
566,7.76323681414171e-19
567,7.20734607451337e-19
568,6.62690919656843e-19
569,6.10084548410791e-19
570,5.79892311283987e-19
571,5.35632551962834e-19
572,4.58752037237701e-19
573,4.23578764135395e-19
574,4.08327612595899e-19
575,3.76942467556992e-19
576,3.34272933750551e-19
577,3.27659491877269e-19
578,3.01307997486641e-19
579,2.8585705336115e-19
580,2.8397435611302e-19
581,2.62462122141928e-19
582,2.3819431386939e-19
583,2.22433637926265e-19
584,2.09650299518985e-19
585,1.81933251539271e-19
586,1.70859662339245e-19
587,1.64826333811497e-19
588,1.56778111001609e-19
589,1.47083764776999e-19
590,1.26269734291997e-19
591,1.22623633011027e-19
592,1.19966365606333e-19
593,1.16730708965678e-19
594,1.10646827902397e-19
595,9.44768175860212e-20
596,9.03956074834955e-20
597,8.91600196819559e-20
598,8.80480335076376e-20
599,7.35391696190171e-20
600,6.95926067350199e-20
601,6.90301258897607e-20
602,5.65429454507778e-20
603,5.31762986957934e-20
604,5.18033324980953e-20
605,5.12590015897004e-20
606,5.07259239976109e-20
607,4.14795494601772e-20
608,4.05454948796992e-20
609,3.4212362219535e-20
610,2.93830184554913e-20
611,2.9190260019943e-20
612,2.84355179008281e-20
613,2.60138098498296e-20
614,2.37873116354414e-20
615,2.35960117955866e-20
616,2.24806487354638e-20
617,2.18207584195999e-20
618,1.87441778200225e-20
619,1.76575713468444e-20
620,1.70245971869704e-20
621,1.61481808374854e-20
622,1.40971869044078e-20
623,1.2821018004715e-20
624,1.2543426416513e-20
625,1.15447866967515e-20
626,1.08953752628256e-20
627,1.03334850626014e-20
628,9.1019440639016e-21
629,7.89562488262411e-21
630,7.62397609494033e-21
631,7.10264193361126e-21
632,6.11270707078602e-21
633,5.48094828494204e-21
634,5.35008339177538e-21
635,5.21442657750243e-21
636,5.00103290277064e-21
637,4.91508223023061e-21
638,4.80458606768747e-21
639,4.77778535660771e-21
640,4.56146898300309e-21
641,4.30898097786986e-21
642,4.11758837303836e-21
643,4.0147875439422e-21
644,3.91427931312124e-21
645,3.83736535760311e-21
646,3.55178054041358e-21
647,3.48233196671657e-21
648,3.47513475923003e-21
649,3.46842432096692e-21
650,3.32003633083604e-21
651,3.30210458738511e-21
652,3.11325214778061e-21
653,3.10796791213723e-21
654,3.07218214639934e-21
655,3.05407617512399e-21
656,3.03647231466492e-21
657,2.98568461648804e-21
658,2.85941497916185e-21
659,2.81260191390232e-21
660,2.75398007781994e-21
661,2.75161269718674e-21
662,2.74115953918999e-21
663,2.71237707043075e-21
664,2.6929656456062e-21
665,2.68354947933019e-21
666,2.61026529969147e-21
667,2.58974487856935e-21
668,2.47153369185871e-21
669,2.38857352054592e-21
670,2.34302786462852e-21
671,2.33961044038713e-21
672,2.33794348482847e-21
673,2.31907134176338e-21
674,2.27062029112917e-21
675,2.26118517992914e-21
676,2.248027156802e-21
677,2.24295582792836e-21
678,2.17859415473404e-21
679,2.1715604241209e-21
680,2.15372610408784e-21
681,2.12487788713544e-21
682,2.09271084991007e-21
683,2.05758592511021e-21
684,2.0458471751166e-21
685,2.0354680189232e-21
686,2.01837802927688e-21
687,2.01778386472409e-21
688,2.01342269493399e-21
689,2.00523393692722e-21
690,1.99878016528026e-21
691,1.93561848278253e-21
692,1.9078994120467e-21
693,1.87735849504377e-21
694,1.87391494716629e-21
695,1.8722605701055e-21
696,1.8473937897784e-21
697,1.83452144742359e-21
698,1.83081912716545e-21
699,1.81744661537414e-21
700,1.81586545266744e-21
701,1.79052509930846e-21
702,1.74459831771631e-21
703,1.728189242153e-21
704,1.72346703930437e-21
705,1.71076991288784e-21
706,1.69609603493005e-21
707,1.67176866671159e-21
708,1.67002144852367e-21
709,1.62615732646601e-21
710,1.59888968989225e-21
711,1.58638814824968e-21
712,1.54827867108536e-21
713,1.52808912801832e-21
714,1.52648899971565e-21
715,1.51986270219701e-21
716,1.51273436278672e-21
717,1.49491541712735e-21
718,1.48110706583886e-21
719,1.47474786206277e-21
720,1.44505834512793e-21
721,1.4090723626426e-21
722,1.39772255904326e-21
723,1.39339558428369e-21
724,1.39028648936209e-21
725,1.37705754259369e-21
726,1.36812124044219e-21
727,1.34826987267284e-21
728,1.33794960211563e-21
729,1.3363690875359e-21
730,1.31959113855668e-21
731,1.31933791714538e-21
732,1.30843622758342e-21
733,1.29052770590265e-21
734,1.28008846780497e-21
735,1.26526859041905e-21
736,1.26243957251605e-21
737,1.26194856597054e-21
738,1.2513972665196e-21
739,1.21407485342613e-21
740,1.20905464721837e-21
741,1.20031066198068e-21
742,1.19914086612172e-21
743,1.18947070185643e-21
744,1.18675770437311e-21
745,1.17591436895711e-21
746,1.16454432993037e-21
747,1.1626938717769e-21
748,1.16127468249017e-21
749,1.16049339775143e-21
750,1.14859832863436e-21
751,1.11930798385796e-21
752,1.11150188226215e-21
753,1.10525476875878e-21
754,1.10389242182236e-21
755,1.09384864147857e-21
756,1.09097524610407e-21
757,1.08175600089331e-21
758,1.0620229163104e-21
759,1.05764284710489e-21
760,1.05606380727072e-21
761,1.04224674998229e-21
762,1.03707110837802e-21
763,1.03320239737952e-21
764,1.02015674391134e-21
765,1.01962635250033e-21
766,1.01865399539087e-21
767,1.00387395805852e-21
768,9.98117968290562e-22
769,9.82830160086551e-22
770,9.73773419130411e-22
771,9.70244023026799e-22
772,9.58570148935715e-22
773,9.52555877858541e-22
774,9.51188541529779e-22
775,9.49337970252508e-22
776,9.41857369239155e-22
777,9.15452348675028e-22
778,9.06830845443834e-22
779,9.01772034662112e-22
780,8.95648066565927e-22
781,8.91982978697232e-22
782,8.50519013438096e-22
783,8.46648404473541e-22
784,8.416259499571e-22
785,8.32385993205728e-22
786,8.21522227363657e-22
787,8.1486547139458e-22
788,8.03704968604071e-22
789,8.02669773827317e-22
790,8.00562756649509e-22
791,7.87166204338666e-22
792,7.83687345972981e-22
793,7.83422753266839e-22
794,7.7936572222515e-22
795,7.77510614175806e-22
796,7.76745360445837e-22
797,7.74593909674642e-22
798,7.72452663753271e-22
799,7.71522770760858e-22
800,7.63287492213837e-22
801,7.59252044902969e-22
802,7.59010584137601e-22
803,7.56574534758733e-22
804,7.39212401563112e-22
805,7.27459459898752e-22
806,7.23604412887923e-22
807,7.04990842625185e-22
808,7.0320680701569e-22
809,6.96727776295829e-22
810,6.95943306473955e-22
811,6.81304202070216e-22
812,6.72667923586463e-22
813,6.72636022817836e-22
814,6.69078222226007e-22
815,6.57112355829023e-22
816,6.53739082088521e-22
817,6.51028807209002e-22
818,6.5060627306217e-22
819,6.49052319569164e-22
820,6.38136803501253e-22
821,6.32198062862848e-22
822,6.24675868082657e-22
823,6.18621716598999e-22
824,6.18094285730574e-22
825,6.13062226367122e-22
826,6.01035043614579e-22
827,5.84547519959845e-22
828,5.7978709120164e-22
829,5.7599829641947e-22
830,5.67243447449844e-22
831,5.64334412162888e-22
832,5.63896199796617e-22
833,5.61604119772857e-22
834,5.56206274279301e-22
835,5.55680839658087e-22
836,5.52231745175411e-22
837,5.50427061304846e-22
838,5.47503832451786e-22
839,5.44743973902209e-22
840,5.3152919264734e-22
841,5.2477822676817e-22
842,5.22954795141698e-22
843,5.22308636439323e-22
844,5.1866609697362e-22
845,5.0547673177718e-22
846,5.05018733889623e-22
847,5.03426215716705e-22
848,5.03325804387383e-22
849,5.00750870267175e-22
850,4.972719296532e-22
851,4.96042494167763e-22
852,4.91721935172338e-22
853,4.86804719738186e-22
854,4.8236163642272e-22
855,4.75858247500761e-22
856,4.72823964166674e-22
857,4.68532476678532e-22
858,4.66430788611938e-22
859,4.66404959861742e-22
860,4.6017808151981e-22
861,4.55911003621899e-22
862,4.54070922540649e-22
863,4.46868336510243e-22
864,4.45054172880716e-22
865,4.42606993795877e-22
866,4.4100940945173e-22
867,4.39939611164664e-22
868,4.39440319902049e-22
869,4.2920862180497e-22
870,4.27568789981787e-22
871,4.26728382985121e-22
872,4.26272993831229e-22
873,4.23024758234376e-22
874,4.21881225176605e-22
875,4.19971087216496e-22
876,4.15260082637901e-22
877,4.13735950640786e-22
878,4.11591982553883e-22
879,4.08421810389629e-22
880,4.07417436456581e-22
881,4.0695985569476e-22
882,4.01901265340318e-22
883,3.97515266876673e-22
884,3.93557639072322e-22
885,3.93116910843806e-22
886,3.92826572139236e-22
887,3.84471561962467e-22
888,3.8386448927959e-22
889,3.77776759714338e-22
890,3.77665503055839e-22
891,3.70213956765147e-22
892,3.68755267253819e-22
893,3.66538999161661e-22
894,3.65979511652672e-22
895,3.62445078689633e-22
896,3.6164368627272e-22
897,3.60286812308923e-22
898,3.56301150030401e-22
899,3.52955754582446e-22
900,3.52482736816643e-22
901,3.46204290163157e-22
902,3.45724017130747e-22
903,3.39926153213635e-22
904,3.39709270972692e-22
905,3.31871053320184e-22
906,3.27410212690474e-22
907,3.26136272081319e-22
908,3.23780265017642e-22
909,3.23475414273206e-22
910,3.22439602912967e-22
911,3.21200527524555e-22
912,3.20197898223008e-22
913,3.17716870822695e-22
914,3.13991790359893e-22
915,3.13331512303242e-22
916,3.12053256552092e-22
917,3.11194594549203e-22
918,3.06533136279552e-22
919,3.05364363762431e-22
920,3.03638617645856e-22
921,2.99315601669672e-22
922,2.97759428206656e-22
923,2.9664480741635e-22
924,2.96360473562624e-22
925,2.95077327033892e-22
926,2.93381266458275e-22
927,2.88100129882229e-22
928,2.8393853957197e-22
929,2.83782689057811e-22
930,2.82589940371273e-22
931,2.79559565634531e-22
932,2.78938582013728e-22
933,2.74812651828177e-22
934,2.74716554373119e-22
935,2.74153457702538e-22
936,2.7406887795502e-22
937,2.73995703737921e-22
938,2.72894622113615e-22
939,2.71304437345616e-22
940,2.71126589792926e-22
941,2.70740808546266e-22
942,2.67353776300312e-22
943,2.6704198415796e-22
944,2.61154507314756e-22
945,2.58972434817433e-22
946,2.58094327734168e-22
947,2.57427621293956e-22
948,2.56976553686213e-22
949,2.54457271234203e-22
950,2.4924180475713e-22
951,2.47882900717124e-22
952,2.4462394560538e-22
953,2.44162394527754e-22
954,2.43951802305836e-22
955,2.41482059091257e-22
956,2.39762366407989e-22
957,2.39127036877637e-22
958,2.38494789764179e-22
959,2.36513184735002e-22
960,2.31482892961301e-22
961,2.31351520879779e-22
962,2.30540452469443e-22
963,2.30121262511266e-22
964,2.27739558229179e-22
965,2.26450711468912e-22
966,2.25118006873234e-22
967,2.22817813484401e-22
968,2.22706424740782e-22
969,2.22113559191139e-22
970,2.21864072595805e-22
971,2.20114144067414e-22
972,2.20076031157337e-22
973,2.18590356196696e-22
974,2.17924570681183e-22
975,2.17702392436224e-22
976,2.1582299841602e-22
977,2.13277018556816e-22
978,2.13249000363005e-22
979,2.11649835897571e-22
980,2.09160298265085e-22
981,2.05481171864713e-22
982,2.03704107904677e-22
983,2.0131129058929e-22
984,2.01290134150211e-22
985,1.97096718483615e-22
986,1.95155314007202e-22
987,1.94960760176333e-22
988,1.94498892357201e-22
989,1.93476100467878e-22
990,1.92545750891497e-22
991,1.92518866363153e-22
992,1.92337913955878e-22
993,1.91536956609942e-22
994,1.91065820066575e-22
995,1.89745651818604e-22
996,1.88920675164332e-22
997,1.86728271271624e-22
998,1.84604556248414e-22
999,1.82904702771859e-22
1000,1.79755482276299e-22
1001,1.77183294455629e-22
1002,1.77017442952552e-22
1003,1.75204809584505e-22
1004,1.75117692711674e-22
1005,1.72634691263353e-22
1006,1.7174486726027e-22
1007,1.71280898119318e-22
1008,1.71061785779529e-22
1009,1.70363634795498e-22
1010,1.70146316571664e-22
1011,1.66513186442356e-22
1012,1.65331878990591e-22
1013,1.64502653579439e-22
1014,1.62917136241754e-22
1015,1.61915632403826e-22
1016,1.61481258835545e-22
1017,1.61072711255903e-22
1018,1.60759359898297e-22
1019,1.6003403895941e-22
1020,1.59741983233081e-22
1021,1.59664961535716e-22
1022,1.56644100199665e-22
1023,1.56372488606244e-22
1024,1.55040783897994e-22
1025,1.53698454924955e-22
1026,1.53178328785142e-22
1027,1.5271579179882e-22
1028,1.5175925368761e-22
1029,1.50915784135508e-22
1030,1.49579760728966e-22
1031,1.47291624329747e-22
1032,1.45973116626169e-22
1033,1.45718793549819e-22
1034,1.42849415508372e-22
1035,1.41714261971746e-22
1036,1.40639805365547e-22
1037,1.40573206755839e-22
1038,1.40308737530352e-22
1039,1.40007374989557e-22
1040,1.39690250649902e-22
1041,1.38639736079081e-22
1042,1.37221643862255e-22
1043,1.35749835673779e-22
1044,1.35354759410336e-22
1045,1.35342370618475e-22
1046,1.35234801675488e-22
1047,1.35163384706549e-22
1048,1.34450873871993e-22
1049,1.34078354886871e-22
1050,1.32663952842749e-22
1051,1.3174193139166e-22
1052,1.30451756785601e-22
1053,1.29810900657328e-22
1054,1.27247132243024e-22
1055,1.26742619650099e-22
1056,1.26357106077944e-22
1057,1.25941511704169e-22
1058,1.25915969097407e-22
1059,1.25835460903348e-22
1060,1.25499138641887e-22
1061,1.25208898574959e-22
1062,1.24133009885334e-22
1063,1.23950958483409e-22
1064,1.23086782103855e-22
1065,1.22443598507183e-22
1066,1.21715675726129e-22
1067,1.2109406246815e-22
1068,1.20924691981015e-22
1069,1.2090079062055e-22
1070,1.20767988400226e-22
1071,1.20131372249205e-22
1072,1.19449445402092e-22
1073,1.19157206118983e-22
1074,1.18347869907498e-22
1075,1.18313695737039e-22
1076,1.17268745015013e-22
1077,1.17076948331478e-22
1078,1.16831067261243e-22
1079,1.16774683378451e-22
1080,1.16344474752031e-22
1081,1.15171995846377e-22
1082,1.15125717637163e-22
1083,1.14130965887329e-22
1084,1.13395186900036e-22
1085,1.13208671281827e-22
1086,1.12870687141025e-22
1087,1.12516977383693e-22
1088,1.12078091169857e-22
1089,1.11258447188928e-22
1090,1.11052164057392e-22
1091,1.10988437636543e-22
1092,1.10697897987972e-22
1093,1.10526386285577e-22
1094,1.1052277052184e-22
1095,1.10245735199157e-22
1096,1.09400810914165e-22
1097,1.09008582687968e-22
1098,1.08951331196411e-22
1099,1.08772732888308e-22
1100,1.08732431229037e-22
1101,1.08685177644636e-22
1102,1.07370294496858e-22
1103,1.0731358987374e-22
1104,1.070505422089e-22
1105,1.06869602745875e-22
1106,1.06731017485724e-22
1107,1.06389901738122e-22
1108,1.05965764331459e-22
1109,1.05794361978988e-22
1110,1.05721875286351e-22
1111,1.04835124432531e-22
1112,1.04745485814987e-22
1113,1.04520686279711e-22
1114,1.04388713587485e-22
1115,1.03781118552752e-22
1116,1.03767396320967e-22
1117,1.02816646247533e-22
1118,1.02570430951668e-22
1119,1.02518169825581e-22
1120,1.0241986484819e-22
1121,1.01927259020686e-22
1122,1.01731522173377e-22
1123,1.0100847767746e-22
1124,1.00720561562472e-22
1125,1.00666434969865e-22
1126,1.00485631912073e-22
1127,1.00317438168741e-22
1128,1.0006992681471e-22
1129,9.97661838213024e-23
1130,9.94888947165384e-23
1131,9.89140010492827e-23
1132,9.84883799365444e-23
1133,9.83219259207957e-23
1134,9.83013278016781e-23
1135,9.83005301825046e-23
1136,9.82976048323118e-23
1137,9.77545047649588e-23
1138,9.73613546978332e-23
1139,9.72178043580063e-23
1140,9.68566144923323e-23
1141,9.67327091744655e-23
1142,9.658063645967e-23
1143,9.6540222735444e-23
1144,9.6429074247823e-23
1145,9.63898297112552e-23
1146,9.55919235637975e-23
1147,9.50177377230167e-23
1148,9.46673295820543e-23
1149,9.44183081312901e-23
1150,9.43773792165104e-23
1151,9.38692253267476e-23
1152,9.38300723779579e-23
1153,9.34737753483931e-23
1154,9.33142027076347e-23
1155,9.33068461105846e-23
1156,9.330468728257e-23
1157,9.32787613273209e-23
1158,9.32736508855679e-23
1159,9.26363871607256e-23
1160,9.24072629176874e-23
1161,9.18481237690305e-23
1162,9.14862024339944e-23
1163,9.14616429464523e-23
1164,9.14300262927994e-23
1165,9.1049812837267e-23
1166,9.10342861419661e-23
1167,9.08603162934161e-23
1168,9.07961662196531e-23
1169,9.07527833065397e-23
1170,9.04071870422409e-23
1171,8.98016103741567e-23
1172,8.92600231118384e-23
1173,8.91422985227345e-23
1174,8.88016004137436e-23
1175,8.87921183079035e-23
1176,8.8791280389392e-23
1177,8.86912038367169e-23
1178,8.85664621954201e-23
1179,8.84311401734607e-23
1180,8.7621848079643e-23
1181,8.76021271243898e-23
1182,8.75062875210246e-23
1183,8.72844615985908e-23
1184,8.71602104307556e-23
1185,8.69773472687339e-23
1186,8.69311947426324e-23
1187,8.67558410593275e-23
1188,8.65777426975365e-23
1189,8.65020193360194e-23
1190,8.63262200545708e-23
1191,8.62302870090142e-23
1192,8.60627567205528e-23
1193,8.57420755437781e-23
1194,8.5670211581359e-23
1195,8.51833646783971e-23
1196,8.50667116563139e-23
1197,8.49029216573005e-23
1198,8.48464276366239e-23
1199,8.45628086799656e-23
1200,8.45210070041814e-23
1201,8.42009911707208e-23
1202,8.40250563182097e-23
1203,8.39762832234761e-23
1204,8.39579548983e-23
1205,8.39114147877619e-23
1206,8.38322272989221e-23
1207,8.3635032694493e-23
1208,8.33641651215078e-23
1209,8.32964037355623e-23
1210,8.31503456740378e-23
1211,8.29441308448713e-23
1212,8.27059169058796e-23
1213,8.25308353666185e-23
1214,8.2365935917836e-23
1215,8.23571944555037e-23
1216,8.15949561359644e-23
1217,8.15460752698796e-23
1218,8.1540710595602e-23
1219,8.14951690282886e-23
1220,8.11491394534937e-23
1221,8.10946914752306e-23
1222,8.1015128161027e-23
1223,8.08463026749783e-23
1224,8.0455463378509e-23
1225,8.02635754097541e-23
1226,8.01912374928427e-23
1227,7.99175517968466e-23
1228,7.98535576085284e-23
1229,7.94337172423893e-23
1230,7.93241142989896e-23
1231,7.92582093996519e-23
1232,7.91601297059675e-23
1233,7.89060657633125e-23
1234,7.88204192897734e-23
1235,7.86671582453621e-23
1236,7.86185673937894e-23
1237,7.85216433484273e-23
1238,7.82499716204792e-23
1239,7.81834892160491e-23
1240,7.81181490923068e-23
1241,7.80180422309449e-23
1242,7.78273364859308e-23
1243,7.78229885548193e-23
1244,7.77719340678807e-23
1245,7.75385104423409e-23
1246,7.74107506972836e-23
1247,7.7351131894013e-23
1248,7.68776464040001e-23
1249,7.67814045811898e-23
1250,7.65821276967237e-23
1251,7.64820921002572e-23
1252,7.63528137725703e-23
1253,7.6207069266181e-23
1254,7.59338255200848e-23
1255,7.58663530624944e-23
1256,7.58593067646118e-23
1257,7.58462237099606e-23
1258,7.58275586465149e-23
1259,7.57876496604287e-23
1260,7.54263109496524e-23
1261,7.54051477555436e-23
1262,7.53255979131993e-23
1263,7.52747084500007e-23
1264,7.51251368795462e-23
1265,7.50395472711094e-23
1266,7.49790658191537e-23
1267,7.49091920916678e-23
1268,7.46426506591194e-23
1269,7.45792316874814e-23
1270,7.40538860313768e-23
1271,7.39806291095345e-23
1272,7.38930603602931e-23
1273,7.38258194991518e-23
1274,7.36699392432577e-23
1275,7.36042161721242e-23
1276,7.35126510785367e-23
1277,7.32815654828681e-23
1278,7.30049706842018e-23
1279,7.24179976096843e-23
1280,7.22851237856848e-23
1281,7.22201799761904e-23
1282,7.21019001384344e-23
1283,7.16634870677772e-23
1284,7.14816494956714e-23
1285,7.14605244406144e-23
1286,7.12096746854614e-23
1287,7.11549578227384e-23
1288,7.10349596415927e-23
1289,7.09420208487358e-23
1290,7.07942798551342e-23
1291,7.06918944505361e-23
1292,7.06833000995196e-23
1293,7.0484532295352e-23
1294,7.03196665110973e-23
1295,7.02270822644092e-23
1296,7.00594005314334e-23
1297,6.97915924013429e-23
1298,6.97778906275316e-23
1299,6.95298796988709e-23
1300,6.95201107500243e-23
1301,6.94565557490385e-23
1302,6.92033991625936e-23
1303,6.91555699475563e-23
1304,6.88394515834279e-23
1305,6.88256083930559e-23
1306,6.88184528330545e-23
1307,6.86090261940855e-23
1308,6.84280146782117e-23
1309,6.8416592068393e-23
1310,6.8247673374893e-23
1311,6.80717914568524e-23
1312,6.77253867073569e-23
1313,6.74227409967624e-23
1314,6.73769628608252e-23
1315,6.73580076587764e-23
1316,6.71034096608027e-23
1317,6.70407249046632e-23
1318,6.70071533585404e-23
1319,6.69800080698877e-23
1320,6.69337725440064e-23
1321,6.6768891858684e-23
1322,6.67268985492264e-23
1323,6.66921990319728e-23
1324,6.6253947114555e-23
1325,6.61823926457126e-23
1326,6.594499661685e-23
1327,6.58013057968009e-23
1328,6.5736852180842e-23
1329,6.5701052460801e-23
1330,6.54200084944476e-23
1331,6.5334258444326e-23
1332,6.51563220728354e-23
1333,6.49118209852835e-23
1334,6.48303842847817e-23
1335,6.46598109814108e-23
1336,6.46528588389111e-23
1337,6.4647616516165e-23
1338,6.45390014171898e-23
1339,6.43978276130658e-23
1340,6.41637777636735e-23
1341,6.40272482505635e-23
1342,6.40176354091297e-23
1343,6.40082704338672e-23
1344,6.36482109395805e-23
1345,6.36234175536274e-23
1346,6.3609948294197e-23
1347,6.32025995365377e-23
1348,6.31100281689483e-23
1349,6.28530187993297e-23
1350,6.28462441015448e-23
1351,6.28398100937472e-23
1352,6.27818743618406e-23
1353,6.27713334940583e-23
1354,6.27339775836537e-23
1355,6.25738501781508e-23
1356,6.25047707088177e-23
1357,6.24704622959431e-23
1358,6.22682827139507e-23
1359,6.21123441523947e-23
1360,6.21047546618727e-23
1361,6.20715965237292e-23
1362,6.20279724770579e-23
1363,6.19885355154595e-23
1364,6.19763916956343e-23
1365,6.19671823638369e-23
1366,6.16251784244447e-23
1367,6.14960937887862e-23
1368,6.14899471757935e-23
1369,6.11199852739761e-23
1370,6.10116020665341e-23
1371,6.0856669477214e-23
1372,6.08310491945068e-23
1373,6.06687409093507e-23
1374,6.06536899908803e-23
1375,6.0208895766243e-23
1376,6.01186863861429e-23
1377,6.00443499997642e-23
1378,5.9962732390559e-23
1379,5.99509192339634e-23
1380,5.98704669068189e-23
1381,5.97134041797131e-23
1382,5.95100022873276e-23
1383,5.94900777436369e-23
1384,5.92728073985561e-23
1385,5.9225014480736e-23
1386,5.91955108850475e-23
1387,5.91695294082267e-23
1388,5.90234298830275e-23
1389,5.89197824963992e-23
1390,5.87754135518722e-23
1391,5.8564519219647e-23
1392,5.84387967568554e-23
1393,5.83565891358086e-23
1394,5.81143614751909e-23
1395,5.81109630517663e-23
1396,5.79612132598802e-23
1397,5.79452554186662e-23
1398,5.79343784440274e-23
1399,5.78668474162926e-23
1400,5.74661040328209e-23
1401,5.74105440927986e-23
1402,5.73904679252344e-23
1403,5.70940601301756e-23
1404,5.66985716902184e-23
1405,5.65277884213313e-23
1406,5.65027023338318e-23
1407,5.63966678983802e-23
1408,5.62441375840291e-23
1409,5.62060845957423e-23
1410,5.62005759679945e-23
1411,5.60700765496083e-23
1412,5.60251060419555e-23
1413,5.58236733434208e-23
1414,5.57886893266701e-23
1415,5.56936896012435e-23
1416,5.56749399562361e-23
1417,5.5673675781863e-23
1418,5.55932857983109e-23
1419,5.54365123513871e-23
1420,5.53906983195097e-23
1421,5.5371401757723e-23
1422,5.52601805809891e-23
1423,5.51963535244506e-23
1424,5.49714622754809e-23
1425,5.47243003462221e-23
1426,5.45629573969328e-23
1427,5.43831311008719e-23
1428,5.41715254747919e-23
1429,5.40801990040351e-23
1430,5.38937671488895e-23
1431,5.37911677131703e-23
1432,5.36926246535858e-23
1433,5.35512682077971e-23
1434,5.35065989031135e-23
1435,5.34375308808142e-23
1436,5.34155216116018e-23
1437,5.33764815205779e-23
1438,5.33184875436745e-23
1439,5.3250905124638e-23
1440,5.31432944539e-23
1441,5.30465709973422e-23
1442,5.2816180906645e-23
1443,5.26383566070483e-23
1444,5.25248905118264e-23
1445,5.2520499203385e-23
1446,5.23459295689593e-23
1447,5.22808982330475e-23
1448,5.22572131649956e-23
1449,5.22496902746449e-23
1450,5.20890246968768e-23
1451,5.20399278133223e-23
1452,5.18529955397428e-23
1453,5.18342859686573e-23
1454,5.18085568098797e-23
1455,5.18066929445728e-23
1456,5.17870406292665e-23
1457,5.17333137719338e-23
1458,5.15014628454045e-23
1459,5.1455174974467e-23
1460,5.12853197946866e-23
1461,5.12437132313964e-23
1462,5.11200105670395e-23
1463,5.07358108917678e-23
1464,5.06936940583006e-23
1465,5.06220189348098e-23
1466,4.99954060804134e-23
1467,4.99642154691663e-23
1468,4.99379261871279e-23
1469,4.98089733146293e-23
1470,4.97808909332328e-23
1471,4.97695762764687e-23
1472,4.97134886925196e-23
1473,4.96315291429312e-23
1474,4.94338792490292e-23
1475,4.94325843551542e-23
1476,4.93076392505467e-23
1477,4.90179770030343e-23
1478,4.88496498311204e-23
1479,4.88282627737613e-23
1480,4.88280858068523e-23
1481,4.86500037869439e-23
1482,4.86173252622204e-23
1483,4.84512112657096e-23
1484,4.84401287889115e-23
1485,4.8375076195051e-23
1486,4.81363538551326e-23
1487,4.80002699368463e-23
1488,4.78886374853021e-23
1489,4.78544420368313e-23
1490,4.7352442573008e-23
1491,4.72784893058992e-23
1492,4.71756415483291e-23
1493,4.71511222924536e-23
1494,4.71113522808273e-23
1495,4.70581471925377e-23
1496,4.69235784296931e-23
1497,4.68821806931081e-23
1498,4.68504916342481e-23
1499,4.67662610638698e-23
1500,4.67398332315909e-23
1501,4.64877881063425e-23
1502,4.6390367299492e-23
1503,4.63473981734534e-23
1504,4.62123628314032e-23
1505,4.61717513600789e-23
1506,4.60993523623285e-23
1507,4.60256532788561e-23
1508,4.58424852767288e-23
1509,4.57137789820184e-23
1510,4.56368394715283e-23
1511,4.56254691585554e-23
1512,4.56226927279752e-23
1513,4.55211883319673e-23
1514,4.54987105522578e-23
1515,4.54299412507286e-23
1516,4.53839245384405e-23
1517,4.52203730819296e-23
1518,4.51523532045829e-23
1519,4.4955459023669e-23
1520,4.47946603399033e-23
1521,4.47775192793685e-23
1522,4.47065722302733e-23
1523,4.46505863235352e-23
1524,4.46502428316196e-23
1525,4.45698435443503e-23
1526,4.45379903457983e-23
1527,4.45279628365975e-23
1528,4.41356176126721e-23
1529,4.38574645010065e-23
1530,4.35681589236647e-23
1531,4.34742768641374e-23
1532,4.33460716158292e-23
1533,4.31110615651208e-23
1534,4.30479000310894e-23
1535,4.29820403243611e-23
1536,4.28895137349481e-23
1537,4.28271716011515e-23
1538,4.26098871466852e-23
1539,4.25684339707057e-23
1540,4.24536672140883e-23
1541,4.24439221277896e-23
1542,4.23952085595895e-23
1543,4.23769393987196e-23
1544,4.23752222031793e-23
1545,4.23255260793671e-23
1546,4.22939115122941e-23
1547,4.22780305761578e-23
1548,4.22160199899679e-23
1549,4.21192782926619e-23
1550,4.20919700386058e-23
1551,4.20766544424404e-23
1552,4.20673270102802e-23
1553,4.20393665661197e-23
1554,4.19302726647843e-23
1555,4.17178897800503e-23
1556,4.14854861262107e-23
1557,4.14468731184291e-23
1558,4.13074480397962e-23
1559,4.12927249486535e-23
1560,4.10586940924552e-23
1561,4.07546420479454e-23
1562,4.06192278957539e-23
1563,4.05505531816605e-23
1564,4.05481268929474e-23
1565,4.04960343720673e-23
1566,4.04213967008487e-23
1567,4.04172716644255e-23
1568,4.03812822686279e-23
1569,4.02989978531099e-23
1570,4.02519946346285e-23
1571,4.01265182491798e-23
1572,4.00465049370504e-23
1573,3.96348760189338e-23
1574,3.96150846934516e-23
1575,3.95576826495126e-23
1576,3.94991098439436e-23
1577,3.93192665757539e-23
1578,3.9304138806505e-23
1579,3.9153728049741e-23
1580,3.91269918577168e-23
1581,3.9120866849168e-23
1582,3.90104807090597e-23
1583,3.88980800496843e-23
1584,3.88204087697102e-23
1585,3.87433131184362e-23
1586,3.86827274538937e-23
1587,3.86094220447706e-23
1588,3.85561454686237e-23
1589,3.84790110355603e-23
1590,3.84565916194824e-23
1591,3.83983508867347e-23
1592,3.8248339981905e-23
1593,3.82254062385954e-23
1594,3.82138846019447e-23
1595,3.78045223412788e-23
1596,3.77922809572628e-23
1597,3.77253629663286e-23
1598,3.75224796248942e-23
1599,3.75142663602944e-23
1600,3.74991605124726e-23
1601,3.73373693276665e-23
1602,3.73133520153004e-23
1603,3.72010749078258e-23
1604,3.71952875638295e-23
1605,3.71813477410612e-23
1606,3.71677900049947e-23
1607,3.71090048620388e-23
1608,3.70668498700836e-23
1609,3.68161659566979e-23
1610,3.68026516002917e-23
1611,3.66822170455306e-23
1612,3.6517603423257e-23
1613,3.64852295683434e-23
1614,3.63685692237416e-23
1615,3.61695197151931e-23
1616,3.59748605018149e-23
1617,3.58462243874148e-23
1618,3.57837233377129e-23
1619,3.56775612795589e-23
1620,3.55582471269316e-23
1621,3.54744578276789e-23
1622,3.54689928705064e-23
1623,3.53808602514488e-23
1624,3.53522811273381e-23
1625,3.52761351800635e-23
1626,3.51987267423026e-23
1627,3.5144671205047e-23
1628,3.50228600025254e-23
1629,3.50127857150116e-23
1630,3.49942684876979e-23
1631,3.49210182620123e-23
1632,3.47138713319056e-23
1633,3.46609053146258e-23
1634,3.45571501056503e-23
1635,3.45150747349458e-23
1636,3.43733439895914e-23
1637,3.43188979944287e-23
1638,3.42223594977733e-23
1639,3.39776266782266e-23
1640,3.39464357122214e-23
1641,3.3866999959301e-23
1642,3.37733616877798e-23
1643,3.37194256153362e-23
1644,3.37115156516717e-23
1645,3.3682786601619e-23
1646,3.36727665200423e-23
1647,3.35274225745127e-23
1648,3.34642021513276e-23
1649,3.33647643277034e-23
1650,3.323775424292e-23
1651,3.3199975473757e-23
1652,3.30263473390634e-23
1653,3.28089024280722e-23
1654,3.27011600302476e-23
1655,3.26881827730268e-23
1656,3.26843179739991e-23
1657,3.26814746692831e-23
1658,3.24244939301167e-23
1659,3.24139387542471e-23
1660,3.22537615602996e-23
1661,3.21374710928533e-23
1662,3.21370379284406e-23
1663,3.2109948527458e-23
1664,3.20990070449126e-23
1665,3.19970656340258e-23
1666,3.19381937069599e-23
1667,3.18646387270927e-23
1668,3.18319818429767e-23
1669,3.15817084179995e-23
1670,3.15478703855906e-23
1671,3.14631055444978e-23
1672,3.13484585635142e-23
1673,3.1219139880192e-23
1674,3.11760266011176e-23
1675,3.11732186243462e-23
1676,3.11504040467091e-23
1677,3.08992388145214e-23
1678,3.07707145182137e-23
1679,3.07658122211379e-23
1680,3.06550173817589e-23
1681,3.05900338589652e-23
1682,3.05590829489506e-23
1683,3.04791548065742e-23
1684,3.04782362344395e-23
1685,3.03578639670745e-23
1686,3.0349318838679e-23
1687,3.0292354467248e-23
1688,2.97864920109038e-23
1689,2.9723972746228e-23
1690,2.95551458483846e-23
1691,2.95027037458846e-23
1692,2.92432104461539e-23
1693,2.92224368274194e-23
1694,2.91910418221871e-23
1695,2.9116259938368e-23
1696,2.91105235810204e-23
1697,2.90341306448884e-23
1698,2.90277910439526e-23
1699,2.90186949180803e-23
1700,2.89140276721583e-23
1701,2.88824040448701e-23
1702,2.88263870905155e-23
1703,2.86178705187144e-23
1704,2.84169634573954e-23
1705,2.83952376628806e-23
1706,2.83909836269412e-23
1707,2.83314006921631e-23
1708,2.81932454969949e-23
1709,2.81550079334941e-23
1710,2.8149104546083e-23
1711,2.81367906955245e-23
1712,2.81155860788193e-23
1713,2.80706958127328e-23
1714,2.80695231097585e-23
1715,2.78796948049765e-23
1716,2.78537161366761e-23
1717,2.77176037989662e-23
1718,2.76503063161981e-23
1719,2.7371078579439e-23
1720,2.73172142583406e-23
1721,2.73077224438124e-23
1722,2.73000870691262e-23
1723,2.72998020048935e-23
1724,2.71159165917722e-23
1725,2.70950273266018e-23
1726,2.70557443982993e-23
1727,2.7029662327112e-23
1728,2.69360348273047e-23
1729,2.67398292269282e-23
1730,2.65494363348866e-23
1731,2.6362835609499e-23
1732,2.63375005214737e-23
1733,2.62592783017185e-23
1734,2.6207332451905e-23
1735,2.61291666112519e-23
1736,2.60589372650535e-23
1737,2.60139799146238e-23
1738,2.59910920444258e-23
1739,2.59731865761579e-23
1740,2.57642254340063e-23
1741,2.57268274463663e-23
1742,2.56815480953649e-23
1743,2.56504137874695e-23
1744,2.54921659311318e-23
1745,2.54025041459673e-23
1746,2.53007669509707e-23
1747,2.52814610829223e-23
1748,2.51125619561324e-23
1749,2.49880711721914e-23
1750,2.49673742071868e-23
1751,2.49307400626731e-23
1752,2.48064812825526e-23
1753,2.45765331963404e-23
1754,2.45734455967663e-23
1755,2.45620233007938e-23
1756,2.45473733511108e-23
1757,2.44955292451917e-23
1758,2.44504874074597e-23
1759,2.42093174410339e-23
1760,2.42061880093451e-23
1761,2.41893256086885e-23
1762,2.41070475906919e-23
1763,2.40784246961203e-23
1764,2.3987048154588e-23
1765,2.38738873877694e-23
1766,2.37756139550543e-23
1767,2.37453684418025e-23
1768,2.36538579011595e-23
1769,2.36509513697986e-23
1770,2.3639080627631e-23
1771,2.36367037611736e-23
1772,2.36365607668302e-23
1773,2.34179300430697e-23
1774,2.32767691566581e-23
1775,2.32616904768771e-23
1776,2.32501981324525e-23
1777,2.32293167715136e-23
1778,2.31176171814752e-23
1779,2.29266734415618e-23
1780,2.28595924474976e-23
1781,2.27139088078616e-23
1782,2.27002027946441e-23
1783,2.26923305940932e-23
1784,2.26767432890918e-23
1785,2.26221194211217e-23
1786,2.25451884344875e-23
1787,2.24735524350659e-23
1788,2.24574706741827e-23
1789,2.24143842372967e-23
1790,2.23982168665616e-23
1791,2.22676220014869e-23
1792,2.21532417806248e-23
1793,2.21479114309494e-23
1794,2.19838437053529e-23
1795,2.17425104502631e-23
1796,2.17197038343941e-23
1797,2.15981581219301e-23
1798,2.13020479481441e-23
1799,2.1295306417747e-23
1800,2.1208150422451e-23
1801,2.11286989532178e-23
1802,2.11169375205312e-23
1803,2.11009815715404e-23
1804,2.10805962609918e-23
1805,2.10260781468795e-23
1806,2.1019062374309e-23
1807,2.07601849256842e-23
1808,2.07201527213624e-23
1809,2.04221881171782e-23
1810,2.0206316609281e-23
1811,2.02029887264044e-23
1812,2.01572807654236e-23
1813,2.0105928145763e-23
1814,2.0095803151099e-23
1815,1.99877114216952e-23
1816,1.98769397039753e-23
1817,1.98698667201665e-23
1818,1.98602074115595e-23
1819,1.98388002461002e-23
1820,1.97988325777658e-23
1821,1.96779803997988e-23
1822,1.96716900141497e-23
1823,1.96231232504945e-23
1824,1.93307661945395e-23
1825,1.93307518587586e-23
1826,1.93219573671018e-23
1827,1.93086574772901e-23
1828,1.93074815239392e-23
1829,1.91862256573957e-23
1830,1.89514110262625e-23
1831,1.88745949743205e-23
1832,1.8785563751358e-23
1833,1.87558630086728e-23
1834,1.86648573823606e-23
1835,1.86409385480706e-23
1836,1.86340321242122e-23
1837,1.8571824100069e-23
1838,1.84583729362895e-23
1839,1.83970695396174e-23
1840,1.83628430207792e-23
1841,1.81264392630096e-23
1842,1.79710799543364e-23
1843,1.79669944371279e-23
1844,1.78485702423365e-23
1845,1.76976810320863e-23
1846,1.75959090290979e-23
1847,1.7496192803043e-23
1848,1.74867820507912e-23
1849,1.74075735929533e-23
1850,1.73962645417083e-23
1851,1.73942465625025e-23
1852,1.72999920073009e-23
1853,1.72560476864993e-23
1854,1.72101017054082e-23
1855,1.70152710603396e-23
1856,1.69889385872721e-23
1857,1.68604706559778e-23
1858,1.68163863984373e-23
1859,1.66993881516131e-23
1860,1.6621252203142e-23
1861,1.65083283082598e-23
1862,1.64263806646965e-23
1863,1.63133361207734e-23
1864,1.62807746121717e-23
1865,1.61684190266021e-23
1866,1.60890921427803e-23
1867,1.60550074967391e-23
1868,1.6040206289543e-23
1869,1.59475478422841e-23
1870,1.59205315005586e-23
1871,1.59158922396522e-23
1872,1.55072892175759e-23
1873,1.54853041628512e-23
1874,1.53973855175833e-23
1875,1.53788438697266e-23
1876,1.52793465045506e-23
1877,1.52079009343429e-23
1878,1.5078304735497e-23
1879,1.50697521965115e-23
1880,1.47613955081838e-23
1881,1.47061245282876e-23
1882,1.46884165671407e-23
1883,1.46509897071367e-23
1884,1.46157535875676e-23
1885,1.45618329667215e-23
1886,1.45604067506843e-23
1887,1.4550105355539e-23
1888,1.45049152882087e-23
1889,1.44877566961874e-23
1890,1.44876656017167e-23
1891,1.44574060457667e-23
1892,1.41614835712e-23
1893,1.41350319161815e-23
1894,1.40984035827045e-23
1895,1.40591932208342e-23
1896,1.40128120944603e-23
1897,1.39540277966814e-23
1898,1.38557369160915e-23
1899,1.38128802571441e-23
1900,1.38033889004812e-23
1901,1.37796169353577e-23
1902,1.37133273476819e-23
1903,1.36702925458178e-23
1904,1.35780985981208e-23
1905,1.34401661521451e-23
1906,1.34076563955525e-23
1907,1.33336736512127e-23
1908,1.33102919501401e-23
1909,1.32738568014548e-23
1910,1.32340061564859e-23
1911,1.29824061933563e-23
1912,1.27752168695219e-23
1913,1.26830500453404e-23
1914,1.26371064358349e-23
1915,1.25413140972453e-23
1916,1.25284969225984e-23
1917,1.24010136322267e-23
1918,1.21514142166966e-23
1919,1.21104087011357e-23
1920,1.2076229623581e-23
1921,1.20454220139088e-23
1922,1.19973109011577e-23
1923,1.1886290804924e-23
1924,1.18361983010065e-23
1925,1.18236365557119e-23
1926,1.17381116107995e-23
1927,1.17046817101256e-23
1928,1.16152657202466e-23
1929,1.15986596939763e-23
1930,1.15565739497138e-23
1931,1.14799540325991e-23
1932,1.14607320933552e-23
1933,1.14098123215372e-23
1934,1.13524025056488e-23
1935,1.13357664936605e-23
1936,1.13327326645876e-23
1937,1.12951053894494e-23
1938,1.12385134668296e-23
1939,1.11731981002665e-23
1940,1.10473852434391e-23
1941,1.09090398313087e-23
1942,1.08654250209758e-23
1943,1.07538260201342e-23
1944,1.07398508259454e-23
1945,1.0560266279349e-23
1946,1.05164749489592e-23
1947,1.04817424814266e-23
1948,1.03876810185813e-23
1949,1.03800678397308e-23
1950,1.02940025624576e-23
1951,1.02926900414141e-23
1952,1.02775802702966e-23
1953,1.01713322787529e-23
1954,1.01620228585696e-23
1955,1.00254677588095e-23
1956,9.97129343159904e-24
1957,9.83351206315857e-24
1958,9.7309678204499e-24
1959,9.70836482256581e-24
1960,9.60079850783462e-24
1961,9.58417725315762e-24
1962,9.50679597754692e-24
1963,9.32789493083652e-24
1964,9.31447249338288e-24
1965,9.21509748588532e-24
1966,9.21142230478251e-24
1967,9.20289704774081e-24
1968,9.18644912451814e-24
1969,9.12069059461925e-24
1970,8.92341404600041e-24
1971,8.91186772405961e-24
1972,8.85449913321947e-24
1973,8.83085380282031e-24
1974,8.60980983134391e-24
1975,8.58200863926142e-24
1976,8.56580469882132e-24
1977,8.48154100541489e-24
1978,8.47640981583158e-24
1979,8.47366244172497e-24
1980,8.3747222767659e-24
1981,8.33043878110655e-24
1982,8.31372481828939e-24
1983,8.18742645160448e-24
1984,7.90096836301285e-24
1985,7.80314244696366e-24
1986,7.78996402133407e-24
1987,7.75838509790624e-24
1988,7.6294102776876e-24
1989,7.58745818715499e-24
1990,7.4411657774379e-24
1991,7.28983964645773e-24
1992,7.28801005845268e-24
1993,7.28144823766973e-24
1994,7.26839233815541e-24
1995,7.24897384795244e-24
1996,7.21546967235188e-24
1997,7.18823148053502e-24
1998,7.14631347939235e-24
1999,7.10758986433874e-24
2000,6.99912868992149e-24
2001,6.87749896673377e-24
2002,6.73843836758135e-24
2003,6.63763200416295e-24
2004,6.58816712798816e-24
2005,6.47467763168701e-24
2006,6.47382656174953e-24
2007,6.47029569066795e-24
2008,6.40757338192755e-24
2009,6.28086277969435e-24
2010,6.23854614192333e-24
2011,6.23318157694805e-24
2012,6.10272311855717e-24
2013,6.03455761068727e-24
2014,6.01457928197242e-24
2015,5.96412174432805e-24
2016,5.89668741761058e-24
2017,5.83652147425561e-24
2018,5.83129330236879e-24
2019,5.80130792975528e-24
2020,5.7844151182517e-24
2021,5.64603602619217e-24
2022,5.4793022302323e-24
2023,5.44422751869376e-24
2024,5.03813705425417e-24
2025,5.02666740555601e-24
2026,4.96794084320376e-24
2027,4.90759043860244e-24
2028,4.86476627219036e-24
2029,4.84354322884454e-24
2030,4.83553718201373e-24
2031,4.76146925477343e-24
2032,4.63994312092259e-24
2033,4.61882965642016e-24
2034,4.58396351600703e-24
2035,4.54305197363042e-24
2036,4.49003625039501e-24
2037,4.4843082840735e-24
2038,4.46997343933538e-24
2039,4.46581268668277e-24
2040,4.2531031744468e-24
2041,4.14152102702851e-24
2042,4.01010915912373e-24
2043,3.97626108440534e-24
2044,3.97459688302364e-24
2045,3.81474090725964e-24
2046,3.81028585086693e-24
2047,3.57061720583475e-24
2048,3.53083445820767e-24
2049,3.5047407110479e-24
2050,3.42365594504188e-24
2051,3.06816727330818e-24
2052,2.88045273768835e-24
2053,2.78973234873174e-24
2054,2.75473051271228e-24
2055,2.74509195505129e-24
2056,2.6717779869793e-24
2057,2.60400732200637e-24
2058,2.55566889776709e-24
2059,2.5549228113282e-24
2060,2.50131204124001e-24
2061,2.42987433837626e-24
2062,2.32559777446622e-24
2063,2.26469884875097e-24
2064,2.03514064552077e-24
2065,2.00347718421894e-24
2066,1.96635998895603e-24
2067,1.96587031442171e-24
2068,1.8997057577854e-24
2069,1.89066917233006e-24
2070,1.85487923346509e-24
2071,1.77159103517159e-24
2072,1.76438659999784e-24
2073,1.76250262690787e-24
2074,1.38680755762869e-24
2075,1.37434027544296e-24
2076,1.37069833195389e-24
2077,1.3084409010002e-24
2078,1.29933699376591e-24
2079,1.28112938912131e-24
2080,1.27526070232903e-24
2081,1.27110231833394e-24
2082,1.26427400891489e-24
2083,1.25803691942239e-24
2084,1.22012756655849e-24
2085,1.20538499162387e-24
2086,1.19725269303735e-24
2087,1.19408152388908e-24
2088,1.15572899808758e-24
2089,1.09244589058411e-24
2090,1.08787027053978e-24
2091,1.0670760034907e-24
2092,1.05511006998197e-24
2093,9.98729695495363e-25
2094,8.99937783411012e-25
2095,8.58240823067035e-25
2096,8.34886088714255e-25
2097,8.06575136899195e-25
2098,7.95011559211223e-25
2099,7.82071900708627e-25
2100,7.72863765270268e-25
2101,7.37634431131109e-25
2102,7.37449462502501e-25
2103,7.27407219585137e-25
2104,6.61650853556864e-25
2105,6.29523956059345e-25
2106,6.09757601121611e-25
2107,6.03462503599536e-25
2108,5.38604728712213e-25
2109,5.36110159283247e-25
2110,5.0835063845876e-25
2111,5.04929720944489e-25
2112,4.93180987668048e-25
2113,4.63580326677661e-25
2114,4.40384705687628e-25
2115,4.39908050680357e-25
2116,4.00888609992435e-25
2117,3.94521576434648e-25
2118,3.78409589203032e-25
2119,3.43041953653057e-25
2120,3.34139034348289e-25
2121,2.99176300928808e-25
2122,2.70914159277128e-25
2123,2.65521498580327e-25
2124,2.28049221507371e-25
2125,1.86124620169702e-25
2126,1.49813696359203e-25
2127,9.31624143833389e-26
2128,5.49422888694118e-26
2129,4.74321687040252e-26
2130,-5.7792892921774e-27
2131,-1.65938869401483e-25
2132,-1.90558467721264e-25
2133,-2.74254920100771e-25
2134,-3.37000560840575e-25
2135,-4.16141622318544e-25
2136,-5.74269809444741e-25
2137,-6.85819667643882e-25
2138,-7.55644501127943e-25
2139,-7.72367682464453e-25
2140,-8.39670119828289e-25
2141,-1.01406779573798e-24
2142,-1.0917800785106e-24
2143,-1.18400265315802e-24
2144,-1.31241554776563e-24
2145,-1.50392141854436e-24
2146,-1.71286283229986e-24
2147,-1.71965359411432e-24
2148,-1.88124302654014e-24
2149,-1.92256047520728e-24
2150,-1.93604122553537e-24
2151,-2.06952466978382e-24
2152,-2.28605309753597e-24
2153,-2.30202717086158e-24
2154,-2.32392078723342e-24
2155,-2.34380883653704e-24
2156,-2.4657592141283e-24
2157,-2.63725956557788e-24
2158,-2.79154783144968e-24
2159,-2.8070531572034e-24
2160,-2.95685311344568e-24
2161,-3.04323449334665e-24
2162,-3.0984209558137e-24
2163,-3.25540455583326e-24
2164,-3.33894106882547e-24
2165,-3.40690189053008e-24
2166,-3.52609349576106e-24
2167,-3.57767937889256e-24
2168,-3.58644097548248e-24
2169,-3.59169704868881e-24
2170,-3.72308584888777e-24
2171,-3.95529689684654e-24
2172,-4.02875188828395e-24
2173,-4.13572655938944e-24
2174,-4.15740096465244e-24
2175,-4.17209822114482e-24
2176,-4.17471954733156e-24
2177,-4.17604893873402e-24
2178,-4.26694758783576e-24
2179,-4.29120754005172e-24
2180,-4.31834053543568e-24
2181,-4.359701355796e-24
2182,-4.3674297947876e-24
2183,-4.41526836838727e-24
2184,-4.44953529877874e-24
2185,-4.45367602053706e-24
2186,-4.49168951226484e-24
2187,-4.61034942953234e-24
2188,-4.62947570920877e-24
2189,-4.6901611528857e-24
2190,-4.69074478811164e-24
2191,-4.77434973210909e-24
2192,-4.83498258620992e-24
2193,-4.97949533474973e-24
2194,-4.98488815126671e-24
2195,-5.00998150429391e-24
2196,-5.09396658817822e-24
2197,-5.09725497860828e-24
2198,-5.30492356391104e-24
2199,-5.39335415052075e-24
2200,-5.41891166850638e-24
2201,-5.56794814470275e-24
2202,-5.57669553461229e-24
2203,-5.63106438191043e-24
2204,-5.63312957080522e-24
2205,-5.63409382888854e-24
2206,-5.64228042834368e-24
2207,-5.74257052229055e-24
2208,-5.76599907191196e-24
2209,-5.86618639799556e-24
2210,-6.02294224088894e-24
2211,-6.21845845361299e-24
2212,-6.26331597278574e-24
2213,-6.34618434704866e-24
2214,-6.3965339663114e-24
2215,-6.41525863657835e-24
2216,-6.45842586183398e-24
2217,-6.460036793777e-24
2218,-6.572806449711e-24
2219,-6.6715469635476e-24
2220,-6.68559513651138e-24
2221,-6.70455270953413e-24
2222,-6.70659399943963e-24
2223,-6.72960213497431e-24
2224,-6.7623307527767e-24
2225,-6.76741511668344e-24
2226,-6.78252492064265e-24
2227,-6.80185759488682e-24
2228,-6.82286131834132e-24
2229,-6.84031851619383e-24
2230,-6.89260218200603e-24
2231,-6.91370863148789e-24
2232,-6.9187292803579e-24
2233,-6.93266433594837e-24
2234,-6.97472310658081e-24
2235,-7.21183063375519e-24
2236,-7.21370780948261e-24
2237,-7.52380049124681e-24
2238,-7.53704310452279e-24
2239,-7.5394816711491e-24
2240,-7.56012951065137e-24
2241,-7.59212499846643e-24
2242,-7.70570794279037e-24
2243,-7.74525018363404e-24
2244,-7.76699882015918e-24
2245,-7.76988160259528e-24
2246,-7.80393132382144e-24
2247,-7.84709846952586e-24
2248,-8.0149491509702e-24
2249,-8.03170007770912e-24
2250,-8.0384224736461e-24
2251,-8.05071591716856e-24
2252,-8.22756093585212e-24
2253,-8.24631426757307e-24
2254,-8.25432074960315e-24
2255,-8.29895674480574e-24
2256,-8.33436963919648e-24
2257,-8.33699892255729e-24
2258,-8.37232139043179e-24
2259,-8.44800675026632e-24
2260,-8.4568639856374e-24
2261,-8.49384927557079e-24
2262,-8.54271012590073e-24
2263,-8.56713425111365e-24
2264,-8.59608710307268e-24
2265,-8.75953961360955e-24
2266,-8.79962077889068e-24
2267,-8.84782258215311e-24
2268,-8.91084112433337e-24
2269,-8.91869489719635e-24
2270,-9.00641352992731e-24
2271,-9.16539074390791e-24
2272,-9.22019404398409e-24
2273,-9.35717857337391e-24
2274,-9.45866834564601e-24
2275,-9.46451669096446e-24
2276,-9.53482206799766e-24
2277,-9.56691377433399e-24
2278,-9.59504055281443e-24
2279,-9.60041368659284e-24
2280,-9.61099222164805e-24
2281,-9.61163038877893e-24
2282,-9.65798571804676e-24
2283,-9.66252135118534e-24
2284,-9.76180037540525e-24
2285,-9.78475729248115e-24
2286,-9.85476462272498e-24
2287,-9.87519313268221e-24
2288,-1.00059243758291e-23
2289,-1.02340550518882e-23
2290,-1.02454402013966e-23
2291,-1.03036578482016e-23
2292,-1.04296815131139e-23
2293,-1.04590045708366e-23
2294,-1.04623507242321e-23
2295,-1.05993478078242e-23
2296,-1.06017835736649e-23
2297,-1.06658207281514e-23
2298,-1.06866825535602e-23
2299,-1.07379167561529e-23
2300,-1.07488125219404e-23
2301,-1.08231076581344e-23
2302,-1.08903975446146e-23
2303,-1.0951341790105e-23
2304,-1.10419836212656e-23
2305,-1.10771411528596e-23
2306,-1.1085174896999e-23
2307,-1.11475412283972e-23
2308,-1.1290427658938e-23
2309,-1.15159143604082e-23
2310,-1.1584525369853e-23
2311,-1.16430809717956e-23
2312,-1.1692667910411e-23
2313,-1.18499182314389e-23
2314,-1.18806782689429e-23
2315,-1.20369555155609e-23
2316,-1.20407148085572e-23
2317,-1.20883907502457e-23
2318,-1.22588280571941e-23
2319,-1.23551136895467e-23
2320,-1.2423914071443e-23
2321,-1.24357247681851e-23
2322,-1.24388969991552e-23
2323,-1.26417307622752e-23
2324,-1.26877302043105e-23
2325,-1.28037453555523e-23
2326,-1.2859420776721e-23
2327,-1.28642687023105e-23
2328,-1.29484472040204e-23
2329,-1.30178103615829e-23
2330,-1.3017871714962e-23
2331,-1.30491329933041e-23
2332,-1.32132046067467e-23
2333,-1.34551098193558e-23
2334,-1.35701452253323e-23
2335,-1.35746305559107e-23
2336,-1.37404761046272e-23
2337,-1.37819359774004e-23
2338,-1.39356659322275e-23
2339,-1.39854197919406e-23
2340,-1.4004579761512e-23
2341,-1.41690164500163e-23
2342,-1.41786764901332e-23
2343,-1.43750521909251e-23
2344,-1.43753717712305e-23
2345,-1.4405725856514e-23
2346,-1.45849111650036e-23
2347,-1.46342879026868e-23
2348,-1.46404599998022e-23
2349,-1.48223811768594e-23
2350,-1.49374809481367e-23
2351,-1.50066486058992e-23
2352,-1.50213917441899e-23
2353,-1.50585805831179e-23
2354,-1.50649832256758e-23
2355,-1.52029725966424e-23
2356,-1.53450781536104e-23
2357,-1.53950175516279e-23
2358,-1.54023610336592e-23
2359,-1.55437502621315e-23
2360,-1.55565604392771e-23
2361,-1.56258599371878e-23
2362,-1.5705518212443e-23
2363,-1.572797732154e-23
2364,-1.57309138904757e-23
2365,-1.58039180964469e-23
2366,-1.58298806967672e-23
2367,-1.59503281842577e-23
2368,-1.5997836009832e-23
2369,-1.5999277952183e-23
2370,-1.61702971934908e-23
2371,-1.63217596578088e-23
2372,-1.64434471891143e-23
2373,-1.64940075932229e-23
2374,-1.64996988138715e-23
2375,-1.65685517524524e-23
2376,-1.66178788057353e-23
2377,-1.66558165371253e-23
2378,-1.67913205425345e-23
2379,-1.7141206149813e-23
2380,-1.71865626716688e-23
2381,-1.72380031223346e-23
2382,-1.72392315639817e-23
2383,-1.74561376373588e-23
2384,-1.74723131337162e-23
2385,-1.75747657950045e-23
2386,-1.76125889270416e-23
2387,-1.76664614362762e-23
2388,-1.77446149452907e-23
2389,-1.78892636514392e-23
2390,-1.81226810239873e-23
2391,-1.81538530188301e-23
2392,-1.82303782998214e-23
2393,-1.85661509397668e-23
2394,-1.85860081626792e-23
2395,-1.8675948933178e-23
2396,-1.87767409847332e-23
2397,-1.88549267391543e-23
2398,-1.88796655006508e-23
2399,-1.89243762015907e-23
2400,-1.89375098488746e-23
2401,-1.8957937747767e-23
2402,-1.89882558842759e-23
2403,-1.89989966825066e-23
2404,-1.91076094362631e-23
2405,-1.91286326854383e-23
2406,-1.91751726009861e-23
2407,-1.92427728367963e-23
2408,-1.92745243689038e-23
2409,-1.92831463394337e-23
2410,-1.93508318143856e-23
2411,-1.94615269502913e-23
2412,-1.94903781904956e-23
2413,-1.96404847144388e-23
2414,-1.96735717284469e-23
2415,-1.97638082969998e-23
2416,-1.98426746803616e-23
2417,-1.99673939382643e-23
2418,-2.00331614113009e-23
2419,-2.00736306903469e-23
2420,-2.01356452035874e-23
2421,-2.02888146539626e-23
2422,-2.0296340158115e-23
2423,-2.03936212023121e-23
2424,-2.04643237108279e-23
2425,-2.05115429995253e-23
2426,-2.05592935929273e-23
2427,-2.05626267178281e-23
2428,-2.06099148802964e-23
2429,-2.07115340945663e-23
2430,-2.08229146287932e-23
2431,-2.08727478300968e-23
2432,-2.09227599750293e-23
2433,-2.10210448158179e-23
2434,-2.10913175610767e-23
2435,-2.12478651209795e-23
2436,-2.12959169162698e-23
2437,-2.13011434708262e-23
2438,-2.1330508878757e-23
2439,-2.13445482610484e-23
2440,-2.13816629229378e-23
2441,-2.13842511485372e-23
2442,-2.15052490960786e-23
2443,-2.15865846961119e-23
2444,-2.16059286112158e-23
2445,-2.16941454770287e-23
2446,-2.18264631851956e-23
2447,-2.18315942095575e-23
2448,-2.19845434360593e-23
2449,-2.20236983929961e-23
2450,-2.20508863212798e-23
2451,-2.21122408251916e-23
2452,-2.24586795637005e-23
2453,-2.24661903302671e-23
2454,-2.25226386895499e-23
2455,-2.25447992755148e-23
2456,-2.26614997135555e-23
2457,-2.26773276011813e-23
2458,-2.27366144561127e-23
2459,-2.27544707909851e-23
2460,-2.28238924853507e-23
2461,-2.29816385323866e-23
2462,-2.30771166462623e-23
2463,-2.31410468944103e-23
2464,-2.32159895360227e-23
2465,-2.32238117710766e-23
2466,-2.32600604413106e-23
2467,-2.33046442168822e-23
2468,-2.33825848359255e-23
2469,-2.34685969975126e-23
2470,-2.34838493040181e-23
2471,-2.35658989861337e-23
2472,-2.36060415141711e-23
2473,-2.36306772172327e-23
2474,-2.36555538560793e-23
2475,-2.37410646918327e-23
2476,-2.39492671961819e-23
2477,-2.39804173466044e-23
2478,-2.40982230219646e-23
2479,-2.41886036782634e-23
2480,-2.42156859300813e-23
2481,-2.42214122974124e-23
2482,-2.42321592639797e-23
2483,-2.42415580149642e-23
2484,-2.42786885753827e-23
2485,-2.43298340576676e-23
2486,-2.43751625668113e-23
2487,-2.43979653963813e-23
2488,-2.44629494412259e-23
2489,-2.44701510441003e-23
2490,-2.45586583094209e-23
2491,-2.45717997972307e-23
2492,-2.46091136420922e-23
2493,-2.51057542939583e-23
2494,-2.51172868837533e-23
2495,-2.51636068412131e-23
2496,-2.54147700739602e-23
2497,-2.54686120043767e-23
2498,-2.55110720532713e-23
2499,-2.56045561236635e-23
2500,-2.56639168255287e-23
2501,-2.56700452259516e-23
2502,-2.57165229498302e-23
2503,-2.57338909908588e-23
2504,-2.58213636946595e-23
2505,-2.58277220662064e-23
2506,-2.5861922303193e-23
2507,-2.58744667601468e-23
2508,-2.59118333598222e-23
2509,-2.59930419039527e-23
2510,-2.60755491909516e-23
2511,-2.63041460859659e-23
2512,-2.63244662968439e-23
2513,-2.63781903345179e-23
2514,-2.65024783833199e-23
2515,-2.65131785031388e-23
2516,-2.662355510683e-23
2517,-2.67077095193252e-23
2518,-2.67495015626951e-23
2519,-2.67646636210106e-23
2520,-2.6848198998965e-23
2521,-2.6880498376027e-23
2522,-2.69196717787766e-23
2523,-2.70199453144444e-23
2524,-2.72108108305829e-23
2525,-2.74653784418667e-23
2526,-2.76762256960637e-23
2527,-2.77518039956124e-23
2528,-2.77597170640063e-23
2529,-2.7812489213289e-23
2530,-2.79308378364295e-23
2531,-2.80953180759456e-23
2532,-2.81323966645806e-23
2533,-2.82022729325542e-23
2534,-2.82246693837755e-23
2535,-2.82581349003717e-23
2536,-2.83892234229561e-23
2537,-2.85895053542026e-23
2538,-2.87083538668611e-23
2539,-2.87196597190651e-23
2540,-2.8737075752201e-23
2541,-2.88422340825178e-23
2542,-2.89953117879044e-23
2543,-2.9046553099161e-23
2544,-2.91411806076955e-23
2545,-2.91697885817311e-23
2546,-2.92408444464307e-23
2547,-2.92531526673055e-23
2548,-2.92566027651178e-23
2549,-2.9269163276634e-23
2550,-2.93079715721545e-23
2551,-2.93635786622421e-23
2552,-2.94744356394809e-23
2553,-2.95542761685079e-23
2554,-2.95893662657727e-23
2555,-2.96837861739076e-23
2556,-2.99301626255094e-23
2557,-2.99966181629035e-23
2558,-3.01179990976174e-23
2559,-3.01287882587473e-23
2560,-3.01653115240733e-23
2561,-3.02808885757618e-23
2562,-3.03292578075732e-23
2563,-3.04294602127476e-23
2564,-3.04574919544462e-23
2565,-3.05222974027992e-23
2566,-3.05892376118094e-23
2567,-3.06191289971325e-23
2568,-3.07609983163588e-23
2569,-3.08971180099178e-23
2570,-3.09730055238022e-23
2571,-3.10432601809305e-23
2572,-3.10493209428858e-23
2573,-3.11554576114518e-23
2574,-3.12714319716785e-23
2575,-3.12741369106651e-23
2576,-3.13811505630014e-23
2577,-3.14368809232732e-23
2578,-3.14538125365388e-23
2579,-3.15200740463531e-23
2580,-3.15503315336521e-23
2581,-3.15640311003808e-23
2582,-3.16161788981237e-23
2583,-3.17150359014514e-23
2584,-3.17281729129169e-23
2585,-3.17390465173277e-23
2586,-3.17480690621973e-23
2587,-3.17733191536388e-23
2588,-3.20569834862541e-23
2589,-3.20856706505988e-23
2590,-3.21297280595432e-23
2591,-3.22137993094372e-23
2592,-3.24378510465024e-23
2593,-3.2469333828116e-23
2594,-3.25179487837634e-23
2595,-3.25812239045547e-23
2596,-3.26461447353609e-23
2597,-3.26483044241665e-23
2598,-3.27092409268845e-23
2599,-3.27453416021656e-23
2600,-3.27888853341293e-23
2601,-3.2825015455778e-23
2602,-3.29275034274845e-23
2603,-3.30142285525235e-23
2604,-3.30805767770128e-23
2605,-3.33739122459173e-23
2606,-3.3374416213516e-23
2607,-3.3449282336756e-23
2608,-3.35606836049245e-23
2609,-3.35763251886691e-23
2610,-3.35958002725951e-23
2611,-3.38381093317838e-23
2612,-3.40311143356822e-23
2613,-3.41468250415428e-23
2614,-3.42159984722409e-23
2615,-3.44438165978455e-23
2616,-3.45515811904222e-23
2617,-3.46736954136426e-23
2618,-3.47343939312385e-23
2619,-3.48359920578365e-23
2620,-3.48653015068077e-23
2621,-3.49718592637978e-23
2622,-3.49946501269552e-23
2623,-3.50278126202827e-23
2624,-3.50980215372493e-23
2625,-3.51294528129857e-23
2626,-3.5179756625296e-23
2627,-3.52433618754242e-23
2628,-3.52536321575414e-23
2629,-3.53346747526909e-23
2630,-3.55085847951376e-23
2631,-3.56012720581319e-23
2632,-3.56124563371245e-23
2633,-3.57324220117008e-23
2634,-3.58054263057404e-23
2635,-3.58341417299699e-23
2636,-3.6149422317427e-23
2637,-3.61962293356671e-23
2638,-3.62373150414247e-23
2639,-3.62852215577394e-23
2640,-3.63161941390518e-23
2641,-3.64092020268327e-23
2642,-3.64767808055914e-23
2643,-3.64767953646359e-23
2644,-3.67512566782726e-23
2645,-3.6823439774567e-23
2646,-3.68875068227933e-23
2647,-3.69649828830238e-23
2648,-3.70270112157762e-23
2649,-3.7029099183589e-23
2650,-3.70660181678708e-23
2651,-3.71826237124976e-23
2652,-3.72454373947304e-23
2653,-3.73405932138527e-23
2654,-3.73499304651384e-23
2655,-3.74474835298911e-23
2656,-3.76013657099081e-23
2657,-3.79027644261783e-23
2658,-3.7953549752949e-23
2659,-3.79994494312212e-23
2660,-3.80110452963397e-23
2661,-3.81524720290834e-23
2662,-3.82864086548362e-23
2663,-3.83371138337176e-23
2664,-3.83758087364377e-23
2665,-3.83826471927098e-23
2666,-3.84218660729735e-23
2667,-3.84328716325403e-23
2668,-3.84470619831238e-23
2669,-3.85480934279911e-23
2670,-3.85668387276666e-23
2671,-3.86646717160567e-23
2672,-3.88161634126904e-23
2673,-3.88426996352948e-23
2674,-3.89266857057809e-23
2675,-3.90132145234494e-23
2676,-3.90875693277845e-23
2677,-3.90979405762871e-23
2678,-3.9161123888223e-23
2679,-3.91709949689047e-23
2680,-3.94358076649106e-23
2681,-3.94599331473919e-23
2682,-3.94846417615008e-23
2683,-3.97223957188643e-23
2684,-4.00710161902685e-23
2685,-4.01629340466028e-23
2686,-4.0212925453556e-23
2687,-4.03336376436786e-23
2688,-4.04726062547577e-23
2689,-4.06257953300547e-23
2690,-4.06298862920793e-23
2691,-4.06442810897268e-23
2692,-4.08051333531282e-23
2693,-4.09834831274785e-23
2694,-4.11592589872025e-23
2695,-4.11639907270595e-23
2696,-4.12449221708428e-23
2697,-4.13218241870678e-23
2698,-4.14048342639558e-23
2699,-4.145986628745e-23
2700,-4.16694764040458e-23
2701,-4.167507822328e-23
2702,-4.18034776224748e-23
2703,-4.1813205159284e-23
2704,-4.18453114238593e-23
2705,-4.18623002172756e-23
2706,-4.19063432860513e-23
2707,-4.19382645120624e-23
2708,-4.20303782768634e-23
2709,-4.2042001805774e-23
2710,-4.20519954351429e-23
2711,-4.21301024400676e-23
2712,-4.21395299397828e-23
2713,-4.21898786828299e-23
2714,-4.22840165596906e-23
2715,-4.2336012501392e-23
2716,-4.23942429504715e-23
2717,-4.24965432688425e-23
2718,-4.25438036213484e-23
2719,-4.26045779626224e-23
2720,-4.27281081236758e-23
2721,-4.30831482493967e-23
2722,-4.32654815026745e-23
2723,-4.33135464156302e-23
2724,-4.33372399407999e-23
2725,-4.3498089181307e-23
2726,-4.37524706788871e-23
2727,-4.38898676341515e-23
2728,-4.39748200372206e-23
2729,-4.3978904701941e-23
2730,-4.41134740775034e-23
2731,-4.4199355361907e-23
2732,-4.42571727640207e-23
2733,-4.42741892694832e-23
2734,-4.4325606470165e-23
2735,-4.43925914906579e-23
2736,-4.44948217191854e-23
2737,-4.45087662325342e-23
2738,-4.45629766250106e-23
2739,-4.47128719069175e-23
2740,-4.47131912114548e-23
2741,-4.47937043351441e-23
2742,-4.4850036371095e-23
2743,-4.48536929967839e-23
2744,-4.49183388588889e-23
2745,-4.49401723425006e-23
2746,-4.49608645326895e-23
2747,-4.49809740559358e-23
2748,-4.52360657973612e-23
2749,-4.52647722944572e-23
2750,-4.54038551850243e-23
2751,-4.54106172490804e-23
2752,-4.5624391411156e-23
2753,-4.56364678870615e-23
2754,-4.58206829556067e-23
2755,-4.58259861080962e-23
2756,-4.60539905257931e-23
2757,-4.622784961406e-23
2758,-4.63135668774992e-23
2759,-4.66263648993588e-23
2760,-4.67032658704985e-23
2761,-4.68257613512729e-23
2762,-4.69574822581236e-23
2763,-4.7064940875068e-23
2764,-4.7123613223953e-23
2765,-4.71236805259887e-23
2766,-4.7132024334563e-23
2767,-4.71494941342831e-23
2768,-4.71847341608894e-23
2769,-4.73677639868742e-23
2770,-4.74644105510065e-23
2771,-4.74809204779344e-23
2772,-4.75526667260119e-23
2773,-4.77494049287172e-23
2774,-4.78519240943014e-23
2775,-4.7963250761161e-23
2776,-4.80245939412097e-23
2777,-4.80678456689125e-23
2778,-4.81382995513837e-23
2779,-4.81916650482575e-23
2780,-4.83091990674323e-23
2781,-4.83501677133394e-23
2782,-4.83672533398016e-23
2783,-4.84041001469896e-23
2784,-4.84378239713147e-23
2785,-4.84485706075419e-23
2786,-4.84845421921273e-23
2787,-4.86456117740064e-23
2788,-4.86742162007532e-23
2789,-4.90111986128023e-23
2790,-4.90818795915024e-23
2791,-4.94593686622483e-23
2792,-4.95330807921954e-23
2793,-4.95487280842601e-23
2794,-4.96433980224942e-23
2795,-4.98958295471343e-23
2796,-5.01266860925969e-23
2797,-5.01702504361505e-23
2798,-5.02769561538547e-23
2799,-5.02977087836449e-23
2800,-5.03342940112253e-23
2801,-5.04396745981899e-23
2802,-5.05631001969834e-23
2803,-5.06416302388008e-23
2804,-5.08085378725171e-23
2805,-5.08348994212333e-23
2806,-5.08972683938103e-23
2807,-5.10130879121652e-23
2808,-5.11086067428945e-23
2809,-5.11510608210419e-23
2810,-5.11632885646518e-23
2811,-5.11912377382709e-23
2812,-5.12859849644783e-23
2813,-5.14178594015214e-23
2814,-5.1557296394997e-23
2815,-5.16804536979126e-23
2816,-5.17686175014336e-23
2817,-5.18624390447402e-23
2818,-5.19135867702637e-23
2819,-5.22495004105575e-23
2820,-5.23475876689483e-23
2821,-5.24008239596976e-23
2822,-5.24979830111027e-23
2823,-5.25426764339356e-23
2824,-5.26750686669773e-23
2825,-5.27189777169627e-23
2826,-5.28042524811466e-23
2827,-5.29438291614649e-23
2828,-5.29977390908164e-23
2829,-5.30275214595931e-23
2830,-5.3067566189397e-23
2831,-5.30899339602688e-23
2832,-5.32279523929971e-23
2833,-5.32447532156222e-23
2834,-5.32517080826515e-23
2835,-5.35106517672273e-23
2836,-5.37723014940021e-23
2837,-5.37801256394613e-23
2838,-5.39086551659344e-23
2839,-5.39148257203997e-23
2840,-5.39171392297871e-23
2841,-5.42652344220468e-23
2842,-5.42682889158465e-23
2843,-5.45166340384969e-23
2844,-5.45403850829059e-23
2845,-5.46464254902829e-23
2846,-5.46955921911049e-23
2847,-5.47644480303315e-23
2848,-5.50808916654329e-23
2849,-5.51410132594811e-23
2850,-5.51493466789745e-23
2851,-5.55101995963683e-23
2852,-5.55763735259601e-23
2853,-5.55886037540138e-23
2854,-5.57278792977889e-23
2855,-5.59463000393353e-23
2856,-5.59941033277848e-23
2857,-5.6034444280989e-23
2858,-5.62546485238415e-23
2859,-5.63543734898589e-23
2860,-5.63750546037256e-23
2861,-5.63793503363383e-23
2862,-5.63947435116974e-23
2863,-5.65635111744269e-23
2864,-5.66026895142618e-23
2865,-5.66075719191114e-23
2866,-5.66168865476077e-23
2867,-5.66697283270499e-23
2868,-5.68575039384701e-23
2869,-5.69295002748305e-23
2870,-5.69828126276528e-23
2871,-5.70814803369839e-23
2872,-5.70963445760208e-23
2873,-5.71122583496138e-23
2874,-5.72456016466774e-23
2875,-5.73385489116672e-23
2876,-5.73901343022931e-23
2877,-5.74519620149042e-23
2878,-5.7554697402634e-23
2879,-5.75904763594026e-23
2880,-5.76962824627418e-23
2881,-5.79713201181014e-23
2882,-5.80220511750226e-23
2883,-5.80406376744003e-23
2884,-5.80447653505701e-23
2885,-5.80645806319488e-23
2886,-5.80917174653259e-23
2887,-5.83973390106736e-23
2888,-5.84639259644729e-23
2889,-5.84881988424995e-23
2890,-5.86567394500749e-23
2891,-5.88495417002616e-23
2892,-5.89699636149231e-23
2893,-5.89952358347973e-23
2894,-5.90430720761018e-23
2895,-5.90528291102347e-23
2896,-5.90731781204042e-23
2897,-5.91573227034518e-23
2898,-5.9455058996046e-23
2899,-5.95109153737028e-23
2900,-5.95983067933694e-23
2901,-5.98739821212739e-23
2902,-5.99080819821975e-23
2903,-6.05160195102163e-23
2904,-6.05336803255561e-23
2905,-6.06959192985285e-23
2906,-6.08323279457132e-23
2907,-6.08392937361594e-23
2908,-6.0858228383627e-23
2909,-6.09327575062734e-23
2910,-6.10596204545949e-23
2911,-6.10818409963246e-23
2912,-6.10827069313193e-23
2913,-6.10909515787351e-23
2914,-6.11139475385289e-23
2915,-6.11375419458126e-23
2916,-6.11412009852791e-23
2917,-6.12499307825511e-23
2918,-6.14488847697217e-23
2919,-6.14966303561608e-23
2920,-6.15277838859711e-23
2921,-6.17887266549356e-23
2922,-6.18297783550568e-23
2923,-6.18456533538056e-23
2924,-6.22191787719846e-23
2925,-6.25026804059417e-23
2926,-6.25876308184579e-23
2927,-6.26009347937442e-23
2928,-6.26744555270779e-23
2929,-6.28441003422208e-23
2930,-6.29139653490059e-23
2931,-6.29632366979803e-23
2932,-6.31709656818119e-23
2933,-6.32198418352123e-23
2934,-6.32707503442543e-23
2935,-6.33791634161069e-23
2936,-6.34240990506954e-23
2937,-6.35097248521957e-23
2938,-6.35271730170039e-23
2939,-6.37651366700488e-23
2940,-6.39421075360248e-23
2941,-6.40313553843937e-23
2942,-6.40327985281406e-23
2943,-6.40532082131891e-23
2944,-6.43726233913305e-23
2945,-6.44667640941059e-23
2946,-6.45741703928079e-23
2947,-6.47444189691434e-23
2948,-6.47981069477259e-23
2949,-6.48333857331736e-23
2950,-6.48869104367663e-23
2951,-6.50927647626696e-23
2952,-6.51300265670316e-23
2953,-6.51718095236362e-23
2954,-6.51860499770663e-23
2955,-6.53441766855195e-23
2956,-6.53810488043967e-23
2957,-6.54259879178865e-23
2958,-6.57187239312472e-23
2959,-6.58992968006602e-23
2960,-6.59275337134287e-23
2961,-6.6105577463964e-23
2962,-6.61451894354509e-23
2963,-6.62721414919804e-23
2964,-6.63628855728523e-23
2965,-6.64440369718861e-23
2966,-6.64458277515151e-23
2967,-6.64628291124732e-23
2968,-6.68878644432813e-23
2969,-6.68896098741925e-23
2970,-6.71340211476343e-23
2971,-6.72807214820031e-23
2972,-6.7434066889728e-23
2973,-6.77578659593319e-23
2974,-6.77973501407522e-23
2975,-6.78466534465465e-23
2976,-6.80700321842842e-23
2977,-6.8141104895796e-23
2978,-6.82303838832499e-23
2979,-6.82380451909591e-23
2980,-6.82425897570914e-23
2981,-6.82839343112041e-23
2982,-6.83029626789618e-23
2983,-6.88287671709892e-23
2984,-6.89024162827391e-23
2985,-6.89955626689589e-23
2986,-6.90877338374945e-23
2987,-6.93068553263923e-23
2988,-6.93199640192763e-23
2989,-6.93357434372697e-23
2990,-6.9471104561706e-23
2991,-6.94993709136584e-23
2992,-6.97547467376201e-23
2993,-6.97839560807049e-23
2994,-6.98597469429091e-23
2995,-6.98618503978156e-23
2996,-7.00885944216854e-23
2997,-7.00928961843849e-23
2998,-7.01596732416264e-23
2999,-7.01831725994522e-23
3000,-7.02799897275801e-23
3001,-7.03296782535402e-23
3002,-7.03679901182051e-23
3003,-7.04168840657519e-23
3004,-7.04614902310343e-23
3005,-7.05690418905935e-23
3006,-7.06656755658174e-23
3007,-7.0689490085848e-23
3008,-7.08257957729101e-23
3009,-7.09449555557517e-23
3010,-7.11135840199203e-23
3011,-7.12906551580516e-23
3012,-7.13811506640451e-23
3013,-7.14418627688121e-23
3014,-7.15204485838785e-23
3015,-7.17535015975758e-23
3016,-7.19218213661864e-23
3017,-7.19568244899333e-23
3018,-7.20125985572391e-23
3019,-7.21189842169748e-23
3020,-7.21842190569083e-23
3021,-7.23537375521161e-23
3022,-7.2542449893162e-23
3023,-7.2604183069944e-23
3024,-7.26421972134975e-23
3025,-7.26474010038148e-23
3026,-7.29858070024305e-23
3027,-7.29979455516758e-23
3028,-7.31518654788159e-23
3029,-7.32200347697434e-23
3030,-7.32789135543022e-23
3031,-7.33035061752711e-23
3032,-7.35379609859826e-23
3033,-7.38423859463023e-23
3034,-7.38610008139327e-23
3035,-7.39107122870781e-23
3036,-7.3946294497648e-23
3037,-7.41144137034383e-23
3038,-7.43243238136815e-23
3039,-7.44745790053717e-23
3040,-7.48143349727295e-23
3041,-7.52097724003852e-23
3042,-7.52353289331339e-23
3043,-7.52642063693456e-23
3044,-7.5329602087932e-23
3045,-7.53646207666315e-23
3046,-7.55020654969664e-23
3047,-7.58958959522607e-23
3048,-7.62301986974944e-23
3049,-7.62949949725942e-23
3050,-7.63226824143746e-23
3051,-7.65229123517453e-23
3052,-7.66674519371924e-23
3053,-7.66779131477214e-23
3054,-7.67641998136441e-23
3055,-7.67825707387834e-23
3056,-7.68600391325224e-23
3057,-7.72680781313767e-23
3058,-7.72689319969569e-23
3059,-7.73889827252579e-23
3060,-7.74000242622616e-23
3061,-7.75409283277283e-23
3062,-7.75734338827044e-23
3063,-7.7632550819923e-23
3064,-7.83108049579525e-23
3065,-7.83672563486373e-23
3066,-7.84060530692164e-23
3067,-7.86194392590433e-23
3068,-7.86706473114123e-23
3069,-7.89224907826674e-23
3070,-7.90616835819177e-23
3071,-7.91348231778023e-23
3072,-7.92076053371092e-23
3073,-7.92720147843621e-23
3074,-7.92855899787943e-23
3075,-7.93048368300198e-23
3076,-7.93177114113856e-23
3077,-7.93555478887153e-23
3078,-7.95962791509861e-23
3079,-7.98737767153095e-23
3080,-8.00055545601074e-23
3081,-8.01087391115789e-23
3082,-8.01636054584844e-23
3083,-8.05287876377659e-23
3084,-8.0633167138791e-23
3085,-8.06420327268944e-23
3086,-8.06813341587509e-23
3087,-8.06817639550193e-23
3088,-8.07237092499129e-23
3089,-8.07604877226966e-23
3090,-8.0784777378718e-23
3091,-8.13980131449199e-23
3092,-8.16387007502323e-23
3093,-8.20918577226476e-23
3094,-8.23202552324724e-23
3095,-8.2377574802425e-23
3096,-8.23911605498727e-23
3097,-8.25248736859809e-23
3098,-8.27019019315433e-23
3099,-8.27405389241981e-23
3100,-8.28113671419611e-23
3101,-8.2931946088345e-23
3102,-8.307356860428e-23
3103,-8.3100937627246e-23
3104,-8.34825486892173e-23
3105,-8.35728325426142e-23
3106,-8.36722255485316e-23
3107,-8.37546503569388e-23
3108,-8.40710543309074e-23
3109,-8.4388576197557e-23
3110,-8.45007830202671e-23
3111,-8.45671563168908e-23
3112,-8.46501767905404e-23
3113,-8.47485053548105e-23
3114,-8.48622510194991e-23
3115,-8.49004420567259e-23
3116,-8.49223903338278e-23
3117,-8.50396637979081e-23
3118,-8.51265756118654e-23
3119,-8.58485633495536e-23
3120,-8.60027290120953e-23
3121,-8.63548422897393e-23
3122,-8.65559184153957e-23
3123,-8.66276307585826e-23
3124,-8.66648148168748e-23
3125,-8.68355184639707e-23
3126,-8.71816190368134e-23
3127,-8.73294835093646e-23
3128,-8.73564111859963e-23
3129,-8.74397252584668e-23
3130,-8.74634822050774e-23
3131,-8.75787163715574e-23
3132,-8.77400633968818e-23
3133,-8.79159893325973e-23
3134,-8.79941151189432e-23
3135,-8.82446309213367e-23
3136,-8.82708470085169e-23
3137,-8.83021464214911e-23
3138,-8.84788241047188e-23
3139,-8.85266689404672e-23
3140,-8.85308348627554e-23
3141,-8.85415064609038e-23
3142,-8.85575899036377e-23
3143,-8.86574807565524e-23
3144,-8.88204717148541e-23
3145,-8.90495147205341e-23
3146,-8.91895742948992e-23
3147,-8.94133494566906e-23
3148,-8.94992783727468e-23
3149,-8.95485562658214e-23
3150,-8.96346778656252e-23
3151,-8.97763479797219e-23
3152,-8.99195169970559e-23
3153,-8.99780603137515e-23
3154,-9.0386976116298e-23
3155,-9.056259847343e-23
3156,-9.0832362122349e-23
3157,-9.09385823073658e-23
3158,-9.09976944244186e-23
3159,-9.11617542882176e-23
3160,-9.12275380410648e-23
3161,-9.12485967163945e-23
3162,-9.12634987854347e-23
3163,-9.18682516566989e-23
3164,-9.19454516833556e-23
3165,-9.2143279113954e-23
3166,-9.25451791459173e-23
3167,-9.28404504568086e-23
3168,-9.31843983080701e-23
3169,-9.32238285262988e-23
3170,-9.34083215836085e-23
3171,-9.37347362729144e-23
3172,-9.38363004233346e-23
3173,-9.42131843402846e-23
3174,-9.44147939313401e-23
3175,-9.45773576051616e-23
3176,-9.49351368544862e-23
3177,-9.50210510525496e-23
3178,-9.55564758609083e-23
3179,-9.56443935321175e-23
3180,-9.56899028938891e-23
3181,-9.57573794113116e-23
3182,-9.58596094060598e-23
3183,-9.58931916202845e-23
3184,-9.5898064142604e-23
3185,-9.62381666703852e-23
3186,-9.62687011747641e-23
3187,-9.64003813271967e-23
3188,-9.66220726204143e-23
3189,-9.68597348360497e-23
3190,-9.70923720415452e-23
3191,-9.74111872047099e-23
3192,-9.74521340947753e-23
3193,-9.75059342709818e-23
3194,-9.75090101728428e-23
3195,-9.75384921666611e-23
3196,-9.77563970799184e-23
3197,-9.77867101033862e-23
3198,-9.79362900386093e-23
3199,-9.80148821922636e-23
3200,-9.87060592011025e-23
3201,-9.93965273830317e-23
3202,-9.94077612098377e-23
3203,-9.9592253994057e-23
3204,-9.99114411375178e-23
3205,-1.00010942442191e-22
3206,-1.00466728811644e-22
3207,-1.00547284034588e-22
3208,-1.00925676567372e-22
3209,-1.0111093392025e-22
3210,-1.01478693099422e-22
3211,-1.01609035793542e-22
3212,-1.01998933300333e-22
3213,-1.02056945451331e-22
3214,-1.02099609538444e-22
3215,-1.02149904563359e-22
3216,-1.02175739172316e-22
3217,-1.02406449040278e-22
3218,-1.02822284992315e-22
3219,-1.0285894706835e-22
3220,-1.03118748676002e-22
3221,-1.04083563184244e-22
3222,-1.04312498173725e-22
3223,-1.04368264095691e-22
3224,-1.04474006641882e-22
3225,-1.04502457026277e-22
3226,-1.04604924367192e-22
3227,-1.04719242020392e-22
3228,-1.05099339818288e-22
3229,-1.05119037327194e-22
3230,-1.0523778678229e-22
3231,-1.05459304935679e-22
3232,-1.05474735336559e-22
3233,-1.05936343796112e-22
3234,-1.06094671257221e-22
3235,-1.0610857352205e-22
3236,-1.06180355854622e-22
3237,-1.07095485863704e-22
3238,-1.07654782757853e-22
3239,-1.07788357046789e-22
3240,-1.08710736082284e-22
3241,-1.08740297636993e-22
3242,-1.08891059236894e-22
3243,-1.0889783606433e-22
3244,-1.09020638058167e-22
3245,-1.09203070924074e-22
3246,-1.09380878215397e-22
3247,-1.09584524172908e-22
3248,-1.09990107831555e-22
3249,-1.09996621522683e-22
3250,-1.10207229796866e-22
3251,-1.10355444909579e-22
3252,-1.10888643963302e-22
3253,-1.11088663562164e-22
3254,-1.11357465333688e-22
3255,-1.11914271228838e-22
3256,-1.12515216214567e-22
3257,-1.1338194050296e-22
3258,-1.13644221678467e-22
3259,-1.13745440758199e-22
3260,-1.13868086292489e-22
3261,-1.14603979717827e-22
3262,-1.14838566138348e-22
3263,-1.14865027238919e-22
3264,-1.14923968196256e-22
3265,-1.1501228627211e-22
3266,-1.16079132753045e-22
3267,-1.16084734160189e-22
3268,-1.16238587192017e-22
3269,-1.16454931020579e-22
3270,-1.16917764144704e-22
3271,-1.17173791416641e-22
3272,-1.18519994821611e-22
3273,-1.18571390473248e-22
3274,-1.20114468919357e-22
3275,-1.20603019085703e-22
3276,-1.21356568074697e-22
3277,-1.21572363999809e-22
3278,-1.21754384744735e-22
3279,-1.2209616832161e-22
3280,-1.22166660199642e-22
3281,-1.2268907088371e-22
3282,-1.23345135838356e-22
3283,-1.23661315049582e-22
3284,-1.25491921583578e-22
3285,-1.25612918726752e-22
3286,-1.25938704828114e-22
3287,-1.26612702067341e-22
3288,-1.27069900553725e-22
3289,-1.27141742737225e-22
3290,-1.27300030691103e-22
3291,-1.28095472399495e-22
3292,-1.28811324539446e-22
3293,-1.2888473655757e-22
3294,-1.2903288369472e-22
3295,-1.29184231532438e-22
3296,-1.29551680446755e-22
3297,-1.3055026742323e-22
3298,-1.3144047015241e-22
3299,-1.31739593637889e-22
3300,-1.31841398096784e-22
3301,-1.32552546772908e-22
3302,-1.33897148483271e-22
3303,-1.34782391165516e-22
3304,-1.35427480463999e-22
3305,-1.35786272859133e-22
3306,-1.36011403318588e-22
3307,-1.36756294860632e-22
3308,-1.37813524244051e-22
3309,-1.38703544688921e-22
3310,-1.39296349418656e-22
3311,-1.39332709535018e-22
3312,-1.4070174149621e-22
3313,-1.40776105591835e-22
3314,-1.41292096600857e-22
3315,-1.4134848644589e-22
3316,-1.42038370625294e-22
3317,-1.42565762706067e-22
3318,-1.44842739914947e-22
3319,-1.45210291041506e-22
3320,-1.4547857179811e-22
3321,-1.46101005246278e-22
3322,-1.47342413961907e-22
3323,-1.47926168930779e-22
3324,-1.48066272922352e-22
3325,-1.48305471431693e-22
3326,-1.49762239975729e-22
3327,-1.5028271397274e-22
3328,-1.50571731759105e-22
3329,-1.52157451048147e-22
3330,-1.53086311522493e-22
3331,-1.54933833027622e-22
3332,-1.55496298062347e-22
3333,-1.55966067691073e-22
3334,-1.56935552813678e-22
3335,-1.571890661802e-22
3336,-1.57877645349845e-22
3337,-1.58016724360945e-22
3338,-1.58215189549157e-22
3339,-1.58525721999036e-22
3340,-1.60347538038763e-22
3341,-1.60634426835941e-22
3342,-1.61219046010663e-22
3343,-1.62028882406439e-22
3344,-1.63518057038686e-22
3345,-1.64280047833984e-22
3346,-1.64752594147671e-22
3347,-1.66260412316963e-22
3348,-1.68039622112615e-22
3349,-1.69493817931486e-22
3350,-1.70432974427405e-22
3351,-1.71629702310004e-22
3352,-1.72537817804042e-22
3353,-1.73021769981734e-22
3354,-1.73842002516533e-22
3355,-1.74045106851165e-22
3356,-1.7566142477003e-22
3357,-1.7686520433909e-22
3358,-1.79356343425554e-22
3359,-1.79662165897756e-22
3360,-1.81034802620261e-22
3361,-1.8144958949416e-22
3362,-1.82283809803745e-22
3363,-1.84795884821829e-22
3364,-1.87610184269726e-22
3365,-1.89693070594582e-22
3366,-1.90460331831888e-22
3367,-1.95500635107594e-22
3368,-1.96226597722238e-22
3369,-1.96725494522748e-22
3370,-1.9734915532674e-22
3371,-1.97446555194951e-22
3372,-1.99624303163337e-22
3373,-2.01051537073865e-22
3374,-2.01352130853116e-22
3375,-2.01403109620918e-22
3376,-2.01903973752686e-22
3377,-2.04170064255556e-22
3378,-2.04614330475831e-22
3379,-2.05200125833617e-22
3380,-2.06940721605186e-22
3381,-2.07175882667965e-22
3382,-2.13803798744194e-22
3383,-2.16154173424461e-22
3384,-2.1670873001549e-22
3385,-2.17766364041088e-22
3386,-2.1782352912985e-22
3387,-2.19558224261534e-22
3388,-2.21450106570423e-22
3389,-2.23719643980973e-22
3390,-2.24617830115706e-22
3391,-2.25519881087078e-22
3392,-2.25710361098554e-22
3393,-2.26220981418346e-22
3394,-2.28791544409677e-22
3395,-2.28896107156276e-22
3396,-2.29412890171031e-22
3397,-2.32879181951998e-22
3398,-2.33156236999243e-22
3399,-2.33978975007315e-22
3400,-2.34338207294644e-22
3401,-2.37775956972936e-22
3402,-2.39007876486867e-22
3403,-2.41641382730151e-22
3404,-2.48785783789646e-22
3405,-2.50190766875098e-22
3406,-2.53007401728456e-22
3407,-2.53505094006202e-22
3408,-2.5426715980633e-22
3409,-2.56427095160574e-22
3410,-2.59321308912072e-22
3411,-2.59396909363511e-22
3412,-2.60430787426183e-22
3413,-2.60494517498479e-22
3414,-2.61367656157118e-22
3415,-2.62092969584292e-22
3416,-2.62289470335609e-22
3417,-2.65531893254622e-22
3418,-2.67496895325006e-22
3419,-2.68795284531807e-22
3420,-2.71654118518199e-22
3421,-2.73746326987866e-22
3422,-2.74805631359702e-22
3423,-2.80915350970024e-22
3424,-2.83162573162615e-22
3425,-2.85106345770292e-22
3426,-2.85920431560096e-22
3427,-2.86372942768203e-22
3428,-2.87462130788535e-22
3429,-2.88484140331336e-22
3430,-2.88611330609068e-22
3431,-2.90132114117461e-22
3432,-2.93336148876519e-22
3433,-2.97076110226911e-22
3434,-2.97961730601182e-22
3435,-3.05806052144196e-22
3436,-3.07537421942825e-22
3437,-3.09516893330154e-22
3438,-3.0958679099281e-22
3439,-3.10600932783985e-22
3440,-3.10733912995391e-22
3441,-3.13392818849905e-22
3442,-3.14929755670952e-22
3443,-3.16054890021991e-22
3444,-3.17914033237094e-22
3445,-3.20540419924735e-22
3446,-3.20706592883206e-22
3447,-3.25110994662262e-22
3448,-3.25222917502515e-22
3449,-3.26043425318231e-22
3450,-3.3176870984214e-22
3451,-3.37458532575232e-22
3452,-3.41341717752001e-22
3453,-3.4223052269294e-22
3454,-3.43021942681402e-22
3455,-3.43883318616791e-22
3456,-3.45089755786114e-22
3457,-3.46148068846446e-22
3458,-3.49574762464224e-22
3459,-3.52171255744057e-22
3460,-3.55507210234114e-22
3461,-3.56506072585517e-22
3462,-3.60061488659028e-22
3463,-3.62157137606823e-22
3464,-3.65728912179875e-22
3465,-3.67234256033416e-22
3466,-3.76916493737193e-22
3467,-3.79202167896873e-22
3468,-3.80437361873509e-22
3469,-3.83897703040602e-22
3470,-3.86295524481894e-22
3471,-3.88281099386706e-22
3472,-3.88872247069572e-22
3473,-3.91091526337712e-22
3474,-3.91830608033021e-22
3475,-3.92979277018879e-22
3476,-4.00833072541652e-22
3477,-4.05855126502172e-22
3478,-4.08046827178089e-22
3479,-4.16425739761761e-22
3480,-4.17135973957374e-22
3481,-4.22098058769795e-22
3482,-4.29847278279132e-22
3483,-4.33803346748411e-22
3484,-4.35492308328182e-22
3485,-4.36241384677049e-22
3486,-4.40483757241635e-22
3487,-4.43168912450956e-22
3488,-4.46784623520382e-22
3489,-4.46892613400681e-22
3490,-4.46969774348633e-22
3491,-4.50198925411517e-22
3492,-4.50403261735644e-22
3493,-4.54197649249534e-22
3494,-4.57425805200878e-22
3495,-4.61958016404545e-22
3496,-4.69614484244676e-22
3497,-4.71504951169783e-22
3498,-4.73956896505862e-22
3499,-4.75416720749806e-22
3500,-4.82042560541471e-22
3501,-4.82409574991196e-22
3502,-4.83889917533214e-22
3503,-4.87611024915697e-22
3504,-4.88310973863897e-22
3505,-4.89412968565469e-22
3506,-4.9100943872941e-22
3507,-4.91060951595391e-22
3508,-5.13776742732791e-22
3509,-5.14221942297397e-22
3510,-5.20506856093244e-22
3511,-5.21551583215798e-22
3512,-5.35084956753103e-22
3513,-5.3608657238365e-22
3514,-5.3693501767161e-22
3515,-5.47672450842323e-22
3516,-5.49091226981063e-22
3517,-5.50349715832311e-22
3518,-5.54972192199729e-22
3519,-5.60183057468127e-22
3520,-5.6707522213298e-22
3521,-5.70338192941464e-22
3522,-5.72899301437189e-22
3523,-5.76465619771739e-22
3524,-5.80794078400856e-22
3525,-5.83119067574571e-22
3526,-5.8370270523708e-22
3527,-5.84133229489754e-22
3528,-5.87271212846529e-22
3529,-5.87981605085577e-22
3530,-5.93465116301913e-22
3531,-6.00319862934372e-22
3532,-6.01689653544839e-22
3533,-6.17176909294599e-22
3534,-6.20380922389395e-22
3535,-6.22673098709282e-22
3536,-6.32503962572631e-22
3537,-6.3323347962685e-22
3538,-6.44161216496959e-22
3539,-6.48838833803184e-22
3540,-6.49266649080576e-22
3541,-6.496782286807e-22
3542,-6.5536604981739e-22
3543,-6.66149577026589e-22
3544,-6.67752589610744e-22
3545,-6.71168753856219e-22
3546,-6.72110237037926e-22
3547,-6.80393342497891e-22
3548,-6.84828732568299e-22
3549,-6.85258651094821e-22
3550,-7.02793298290713e-22
3551,-7.04373043669347e-22
3552,-7.08761843077139e-22
3553,-7.13728985649547e-22
3554,-7.27773233985241e-22
3555,-7.33605762294731e-22
3556,-7.36644980814551e-22
3557,-7.57643334527644e-22
3558,-7.66007362215561e-22
3559,-7.66090977619563e-22
3560,-7.67520686802136e-22
3561,-7.68354320410771e-22
3562,-7.75300399766546e-22
3563,-7.78944743697382e-22
3564,-7.79076703151114e-22
3565,-7.7988719898425e-22
3566,-7.82322506834611e-22
3567,-7.87652530540583e-22
3568,-7.89580883554888e-22
3569,-7.90689604504775e-22
3570,-8.01899119092963e-22
3571,-8.06506810116253e-22
3572,-8.06656407109855e-22
3573,-8.07124948158293e-22
3574,-8.11443257732341e-22
3575,-8.23973235075894e-22
3576,-8.32051934075509e-22
3577,-8.37296538668811e-22
3578,-8.41751495789243e-22
3579,-8.48891984921686e-22
3580,-8.51395226736153e-22
3581,-8.54999029993289e-22
3582,-8.58148721680499e-22
3583,-8.5915201205364e-22
3584,-8.8217337922351e-22
3585,-8.89244097360569e-22
3586,-9.18728164108668e-22
3587,-9.34180465695976e-22
3588,-9.42983048013096e-22
3589,-9.44750027034032e-22
3590,-9.47274324475006e-22
3591,-9.47513502680079e-22
3592,-9.66830415116559e-22
3593,-9.67126449595532e-22
3594,-9.78417699085675e-22
3595,-9.82670761653842e-22
3596,-9.92548951505244e-22
3597,-9.95817279270947e-22
3598,-9.95850188483302e-22
3599,-9.99520285854589e-22
3600,-1.02728273272673e-21
3601,-1.03131702301627e-21
3602,-1.03291311459482e-21
3603,-1.04979114118697e-21
3604,-1.06659476642777e-21
3605,-1.06822243047339e-21
3606,-1.08983943616546e-21
3607,-1.09436308007301e-21
3608,-1.10150098340615e-21
3609,-1.1081415148046e-21
3610,-1.10994230203532e-21
3611,-1.12192707207555e-21
3612,-1.13211912466005e-21
3613,-1.15309796240698e-21
3614,-1.15806578880091e-21
3615,-1.16154039746606e-21
3616,-1.16855160217611e-21
3617,-1.18236153255904e-21
3618,-1.18338543480611e-21
3619,-1.19299075917049e-21
3620,-1.19986549631939e-21
3621,-1.21305519962139e-21
3622,-1.2412043283792e-21
3623,-1.24709832883744e-21
3624,-1.24979187025632e-21
3625,-1.2527631470766e-21
3626,-1.26510646507773e-21
3627,-1.26990226321508e-21
3628,-1.27393201666819e-21
3629,-1.27934497204732e-21
3630,-1.28292807736562e-21
3631,-1.28729329157461e-21
3632,-1.30194959628488e-21
3633,-1.30693742301056e-21
3634,-1.30975934620113e-21
3635,-1.31193397609481e-21
3636,-1.31824228017227e-21
3637,-1.335846750121e-21
3638,-1.35392542052924e-21
3639,-1.35992587495436e-21
3640,-1.36911557441258e-21
3641,-1.39006941575896e-21
3642,-1.39689819275902e-21
3643,-1.39761042342534e-21
3644,-1.43100488369294e-21
3645,-1.43527157164022e-21
3646,-1.45721619257501e-21
3647,-1.49338130904238e-21
3648,-1.51107270444493e-21
3649,-1.54264851886395e-21
3650,-1.55715624593867e-21
3651,-1.5657830173522e-21
3652,-1.58926882180522e-21
3653,-1.66961758470239e-21
3654,-1.6704975052649e-21
3655,-1.67084994353991e-21
3656,-1.67244926268138e-21
3657,-1.68727479924818e-21
3658,-1.71141169122908e-21
3659,-1.72617341681694e-21
3660,-1.74851885242924e-21
3661,-1.75956097623293e-21
3662,-1.80218558731812e-21
3663,-1.81027418029929e-21
3664,-1.82516532831501e-21
3665,-1.8623150204758e-21
3666,-1.87027522090182e-21
3667,-1.87835303561232e-21
3668,-1.91153840258221e-21
3669,-1.92460495420185e-21
3670,-1.92791332713565e-21
3671,-1.93325925345237e-21
3672,-1.97767588672064e-21
3673,-2.00701239058663e-21
3674,-2.01056311040315e-21
3675,-2.03482835912858e-21
3676,-2.04022186025359e-21
3677,-2.04099677356384e-21
3678,-2.04420770478885e-21
3679,-2.09541311102963e-21
3680,-2.10331387027061e-21
3681,-2.11363629999916e-21
3682,-2.11458987809591e-21
3683,-2.21328586500668e-21
3684,-2.21561503234332e-21
3685,-2.21672074260546e-21
3686,-2.28721287480974e-21
3687,-2.30506857110144e-21
3688,-2.32805204492818e-21
3689,-2.37653954888528e-21
3690,-2.39104939040035e-21
3691,-2.40894116715623e-21
3692,-2.48309041070725e-21
3693,-2.49689477915643e-21
3694,-2.543800967702e-21
3695,-2.54477417989101e-21
3696,-2.65732896407194e-21
3697,-2.74804657267257e-21
3698,-2.76812723794358e-21
3699,-2.786074038085e-21
3700,-2.79370024601805e-21
3701,-2.82458663644849e-21
3702,-2.89585304488193e-21
3703,-2.92736814980106e-21
3704,-2.93076622147843e-21
3705,-2.95390961975179e-21
3706,-2.97836780247078e-21
3707,-3.03446549113827e-21
3708,-3.11864770064906e-21
3709,-3.1327082397579e-21
3710,-3.20547832289675e-21
3711,-3.22202913566514e-21
3712,-3.28403744505299e-21
3713,-3.43891098367438e-21
3714,-3.44563367875252e-21
3715,-3.69828437620223e-21
3716,-3.69910234377846e-21
3717,-3.77148668253742e-21
3718,-3.79289467338574e-21
3719,-4.0471062727444e-21
3720,-4.27508586470601e-21
3721,-4.35768039869716e-21
