1	1.14707863311494e-05
2	9.92006775647923e-06
3	1.07037208179628e-05
4	1.04418758040464e-05
5	9.25697921676913e-06
6	7.84041177649121e-06
7	8.44746851523599e-06
8	6.7005061398101e-06
9	6.48525645188306e-06
10	6.25031026620006e-06
11	6.16581755810378e-06
12	5.59610241253874e-06
13	5.65800397438304e-06
14	5.29657601190286e-06
15	4.62420344704059e-06
16	4.44579932666794e-06
17	4.29411967229351e-06
18	4.10648360384581e-06
19	3.71476135201969e-06
20	3.72978610335366e-06
21	3.36721585614903e-06
22	3.4563468546947e-06
23	2.83807245034386e-06
24	3.04097350765054e-06
25	3.02724981730627e-06
26	2.87662529046121e-06
27	2.7796537272025e-06
28	2.66792337313882e-06
29	2.58144959259921e-06
30	2.33011266788327e-06
31	2.2738837055477e-06
32	2.28479324507511e-06
33	2.15290617357076e-06
34	2.05222625830877e-06
35	2.09214161978003e-06
36	1.76858309957787e-06
37	1.81687831234771e-06
38	1.5518435353644e-06
39	1.62757300258313e-06
40	1.62684406268084e-06
41	1.52526880291493e-06
42	1.44816832386753e-06
43	1.35552369337445e-06
44	1.28296543759296e-06
45	1.2739932488941e-06
46	1.226429491143e-06
47	1.15971157905742e-06
48	1.1090302397996e-06
49	1.0700465177563e-06
50	1.00829524934881e-06
51	9.3720568275903e-07
52	9.02841597462426e-07
53	7.97484376028843e-07
54	8.02560517195109e-07
55	7.79886195218833e-07
56	7.75560880305571e-07
57	6.99300293209157e-07
58	7.09992654323518e-07
59	6.43792415274864e-07
60	5.98254271309587e-07
61	5.78472177316358e-07
62	5.58435826122373e-07
63	5.60984862318145e-07
64	5.31771178254432e-07
65	4.98430480215894e-07
66	4.79878670935441e-07
67	4.61049038288474e-07
68	4.17974607727884e-07
69	4.25652859608104e-07
70	3.95143852654696e-07
71	3.81926556421148e-07
72	3.51767492067652e-07
73	3.63487204769661e-07
74	3.37851612874699e-07
75	3.23523318674717e-07
76	2.97858294358787e-07
77	2.80221558540936e-07
78	2.76000298550065e-07
79	2.77165401434474e-07
80	2.60274782148421e-07
81	2.48614369633649e-07
82	2.47345587598703e-07
83	2.27825136489883e-07
84	2.16516921138374e-07
85	2.15590097418564e-07
86	2.05666729178955e-07
87	1.94138344469873e-07
88	1.80327803905312e-07
89	1.7928163466969e-07
90	1.74798590765123e-07
91	1.73210589040257e-07
92	1.5950802649312e-07
93	1.61127069515974e-07
94	1.52578343186573e-07
95	1.50686189112966e-07
96	1.45944752758611e-07
97	1.36983775414175e-07
98	1.30939086519633e-07
99	1.19304829433712e-07
100	1.18959106318337e-07
101	1.19440480270361e-07
102	1.0864346905588e-07
103	1.00137558584457e-07
104	1.04415108891853e-07
105	9.56435146392954e-08
106	9.46669408318874e-08
107	8.85093801804151e-08
108	8.56911778032314e-08
109	8.12595013056608e-08
110	8.06260371603401e-08
111	7.66326968919117e-08
112	7.38665629199985e-08
113	7.5061865635764e-08
114	7.02406587874919e-08
115	6.50733759121723e-08
116	6.516475009281e-08
117	6.46809018234054e-08
118	6.12349119688801e-08
119	5.93219806696345e-08
120	5.33811468627933e-08
121	5.11709985028037e-08
122	4.93230478731554e-08
123	4.62811928982569e-08
124	4.61112199098475e-08
125	4.29806111256871e-08
126	4.31976466430421e-08
127	4.11986686327503e-08
128	3.97923795432597e-08
129	3.9584331132178e-08
130	3.58337083998404e-08
131	3.52265629907996e-08
132	3.24766400624807e-08
133	3.14772908773507e-08
134	3.15473950663315e-08
135	2.89265772559049e-08
136	2.86301275807593e-08
137	2.88753319143754e-08
138	2.72799060222594e-08
139	2.57584609415045e-08
140	2.46689275093834e-08
141	2.35939947344566e-08
142	2.23822151405143e-08
143	2.14317574439576e-08
144	2.19422936704107e-08
145	2.0001936979588e-08
146	1.83411927769968e-08
147	1.8397121176356e-08
148	1.78196221857515e-08
149	1.69287685266859e-08
150	1.69211056194502e-08
151	1.51808045458769e-08
152	1.48073003464025e-08
153	1.42831240721192e-08
154	1.38728963336304e-08
155	1.35556842031664e-08
156	1.30624657694309e-08
157	1.24502091888342e-08
158	1.19919912944857e-08
159	1.13474184496354e-08
160	1.102894886256e-08
161	1.03277971012306e-08
162	1.07494417858578e-08
163	1.00887257650145e-08
164	8.9129560009546e-09
165	9.01230692821165e-09
166	8.36969594923056e-09
167	8.06276953946152e-09
168	7.70264800120717e-09
169	7.47472909195716e-09
170	7.28424758799521e-09
171	6.75159115971678e-09
172	6.66649579209021e-09
173	6.62862567038248e-09
174	6.37817660361097e-09
175	6.10385676856101e-09
176	5.85231465373654e-09
177	5.51547271427433e-09
178	5.02482406255253e-09
179	5.00867233938557e-09
180	4.72784973152331e-09
181	4.54905684026541e-09
182	4.08089212108314e-09
183	4.00747752407752e-09
184	3.92623989481869e-09
185	3.97974141314425e-09
186	3.78176179633909e-09
187	3.75050464709279e-09
188	3.56562136558791e-09
189	3.37609170616584e-09
190	3.15741655006288e-09
191	3.17930844046224e-09
192	3.03602410408506e-09
193	2.86505040326747e-09
194	2.77302779891713e-09
195	2.63031412296023e-09
196	2.40739060484521e-09
197	2.2775386340761e-09
198	2.22112736666183e-09
199	2.15022546881437e-09
200	2.03823140284948e-09
201	1.97553046041205e-09
202	1.94256187006451e-09
203	1.91576905049493e-09
204	1.81747883656158e-09
205	1.71023701341738e-09
206	1.63619077242272e-09
207	1.57467879254652e-09
208	1.53365647477999e-09
209	1.56911915579588e-09
210	1.43383653877321e-09
211	1.37012759671039e-09
212	1.23098387795164e-09
213	1.22922252326459e-09
214	1.133695858372e-09
215	1.13565977812685e-09
216	9.96808397594956e-10
217	1.03935017625142e-09
218	9.82217063353364e-10
219	9.44551445154856e-10
220	9.14023668747521e-10
221	9.01516968397283e-10
222	8.38359340564038e-10
223	8.30209180461565e-10
224	7.31505201146812e-10
225	7.36953452783245e-10
226	7.11210675076761e-10
227	6.51892192796371e-10
228	6.18915608393323e-10
229	6.10748875610382e-10
230	5.63184174650486e-10
231	5.55705229951346e-10
232	5.58280337313152e-10
233	5.2325036250628e-10
234	4.98753768767358e-10
235	4.68057309763209e-10
236	4.50431288973471e-10
237	4.20568721939088e-10
238	4.04167457701567e-10
239	4.18454279609623e-10
240	3.77972244840263e-10
241	3.82755813927971e-10
242	3.36359759878193e-10
243	3.33169096073349e-10
244	3.28531314636276e-10
245	3.0965809307539e-10
246	2.89202924306566e-10
247	2.63897217820755e-10
248	2.67309152916279e-10
249	2.45294525770508e-10
250	2.3547673605697e-10
251	2.38329076766063e-10
252	2.13056534603941e-10
253	2.19579265951689e-10
254	2.13294460173169e-10
255	1.82504696052603e-10
256	1.87081780848255e-10
257	1.72694203111536e-10
258	1.70907109520683e-10
259	1.62311196028241e-10
260	1.59337317486554e-10
261	1.49448861852975e-10
262	1.29978625136096e-10
263	1.25402801420669e-10
264	1.15409408552336e-10
265	1.14792261422979e-10
266	1.16310582623403e-10
267	1.10184851936965e-10
268	1.1258233164122e-10
269	1.10408350563653e-10
270	9.40569928946616e-11
271	9.71783804475517e-11
272	9.41058878918848e-11
273	8.32820392854055e-11
274	8.27660067158145e-11
275	7.70930179654311e-11
276	7.19002220255867e-11
277	7.16335662738867e-11
278	6.4331287382749e-11
279	6.07341374712952e-11
280	6.08800009086269e-11
281	5.34615530436571e-11
282	5.12695074184517e-11
283	4.93992729699687e-11
284	4.39375738432068e-11
285	4.58734575882683e-11
286	4.12334896864664e-11
287	4.18599903091828e-11
288	4.03451872556473e-11
289	3.77556503408088e-11
290	3.65739444167259e-11
291	3.34980878651172e-11
292	3.48931160520553e-11
293	3.04074675615922e-11
294	3.08418485483187e-11
295	2.92189426413864e-11
296	2.50014689168233e-11
297	2.77222759232461e-11
298	2.49074271498484e-11
299	2.40293442036419e-11
300	2.30365619970309e-11
301	2.18699239714263e-11
302	1.93119613793688e-11
303	1.90364646037573e-11
304	1.8671860512274e-11
305	1.83280538520565e-11
306	1.68932390085285e-11
307	1.5052781072344e-11
308	1.50201018559799e-11
309	1.41738979752414e-11
310	1.37778156981175e-11
311	1.14842084172938e-11
312	1.16051799794219e-11
313	1.02746244149471e-11
314	9.89676157444691e-12
315	1.00859040456057e-11
316	9.39343159415141e-12
317	9.21613026354926e-12
318	8.77157117158915e-12
319	8.31571028288673e-12
320	6.97373087945941e-12
321	7.55965242679869e-12
322	6.88207895035213e-12
323	6.5094339894824e-12
