1	2.38991514443751e-05
2	2.11903968000633e-05
3	2.89224312761747e-05
4	2.57306994056268e-05
5	2.46284085722451e-05
6	2.37077038263408e-05
7	2.34984458182273e-05
8	2.03706036218388e-05
9	2.16871214020589e-05
10	2.4499589192817e-05
11	2.29257519315207e-05
12	1.86222676103695e-05
13	2.24274864229558e-05
14	2.32041640367952e-05
15	2.27182876215727e-05
16	2.50060105048385e-05
17	2.40841854154815e-05
18	2.43961759614904e-05
19	2.43276345128345e-05
20	2.07706892314344e-05
21	1.55466102831089e-05
22	2.04949591847081e-05
23	1.93566474981713e-05
24	1.90466363831178e-05
25	1.79311164419202e-05
26	2.2940831804274e-05
27	2.15752654619623e-05
28	2.07245632027348e-05
29	1.86630984930176e-05
30	1.88430719432402e-05
31	1.65122115520859e-05
32	1.74050786700279e-05
33	1.79089134384044e-05
34	1.65136815705562e-05
35	1.73535339160796e-05
36	1.74813901079325e-05
37	1.81895636847626e-05
38	1.93582952837237e-05
39	1.49780519220011e-05
40	1.32295296396663e-05
41	1.2665275544176e-05
42	1.66401533741381e-05
43	1.87440338492761e-05
44	1.35875346909849e-05
45	1.84008961932624e-05
46	1.52377137385639e-05
47	1.5078438818238e-05
48	1.61446009781228e-05
49	1.18675421304678e-05
50	1.5393556574149e-05
51	1.18359698457875e-05
52	1.23686288505162e-05
53	1.1953448272856e-05
54	1.47304166454555e-05
55	1.06117224451922e-05
56	1.11988050911212e-05
57	1.60023308522123e-05
58	1.48503725056795e-05
59	9.05964621344207e-06
60	9.44593762270821e-06
61	1.01831688148129e-05
62	1.04773519309524e-05
63	9.38318430983202e-06
64	1.17280637293147e-05
65	9.30797088108601e-06
66	8.55058899820779e-06
67	1.40195960162152e-05
68	9.45427780306639e-06
69	1.08027863842248e-05
70	7.89144649561722e-06
71	8.54060864062527e-06
72	1.06858949336687e-05
73	7.49658269744079e-06
74	8.04547673095261e-06
75	6.52596882108526e-06
76	9.8683568401962e-06
77	8.45898678422693e-06
78	7.03917851043206e-06
79	7.05408194131688e-06
80	3.3599906355756e-06
81	8.95737313577907e-06
82	5.7735233459974e-06
83	5.91525630586691e-06
84	7.45661914670375e-06
85	6.27051041115671e-06
86	6.59200075681194e-06
87	5.915119303352e-06
88	6.60414304147715e-06
89	6.11427858297058e-06
90	8.33769722266094e-06
91	5.38481877209405e-06
92	7.85866455728174e-06
93	3.43251875990847e-06
94	6.45328036904992e-06
95	3.96617735449265e-06
96	5.34714100772413e-06
97	6.31853111431053e-06
98	7.60945614510743e-06
99	4.62699352567909e-06
100	4.01139800473437e-06
101	5.90417954163182e-06
102	4.91743369974788e-06
103	4.94708194468737e-06
104	5.62889759841859e-06
105	6.07651353320771e-06
106	5.84037404601649e-06
107	5.6345977691542e-06
108	6.42580532992932e-06
109	4.1869551719924e-06
110	5.38226546988576e-06
111	2.72855825732075e-06
112	4.0358310568753e-06
113	4.07045656681173e-06
114	5.64098240890034e-06
115	3.96814697682472e-06
116	5.53583792705109e-06
117	4.37355811240467e-06
118	4.469339690841e-06
119	5.26436606480971e-06
120	4.10763088372036e-06
121	5.44485514707748e-06
122	3.44696830779965e-06
123	4.63203232762631e-06
124	4.22682684282419e-06
125	4.91665165789254e-06
126	3.78967335092007e-06
127	4.6472050559816e-06
128	2.91503973852043e-06
129	5.49767853587863e-06
130	3.91819200227986e-06
131	3.50141453244073e-06
132	3.27941317983464e-06
133	3.92166707748659e-06
134	4.6699706329165e-06
135	4.0471792200409e-06
136	3.5521499916445e-06
137	3.75856724330989e-06
138	3.40775084183679e-06
139	3.92241876790388e-06
140	5.58183194279283e-06
141	4.10735768826989e-06
142	4.26288687556831e-06
143	3.18487119487566e-06
144	3.50492285171777e-06
145	3.32728576377428e-06
146	3.25121648827886e-06
147	3.69754571749678e-06
148	2.99412417485198e-06
149	3.2463478750518e-06
150	3.57948920000201e-06
151	3.60833714627734e-06
152	3.11750459407526e-06
153	3.19649028035615e-06
154	2.90890049310595e-06
155	2.96594067160913e-06
156	2.55647396543709e-06
157	3.20655837686305e-06
158	4.12519416970316e-06
159	3.35554406381765e-06
160	3.7055536400598e-06
161	2.82875227310533e-06
162	2.78836819096947e-06
163	3.11311416454119e-06
164	3.86241372761944e-06
165	2.74452318760105e-06
166	2.8368639041822e-06
167	2.91619582583649e-06
168	2.75006461566638e-06
169	2.98997744423671e-06
170	2.52524764569782e-06
171	2.659356524089e-06
172	3.54561756960196e-06
173	2.78667683938777e-06
174	2.45805080961018e-06
175	2.52917463109268e-06
176	2.38486505322025e-06
177	2.54021077048366e-06
178	3.10763452142284e-06
179	3.13922664076155e-06
180	2.17908430688414e-06
181	2.81920418721254e-06
182	2.23225872063982e-06
183	2.55573560295555e-06
184	2.16238119073574e-06
185	2.48161555080012e-06
186	2.52532300214546e-06
187	2.87921403206985e-06
188	2.69004215768309e-06
189	2.24750239265301e-06
190	2.71785791729753e-06
191	2.42985554909025e-06
192	1.78926818758081e-06
193	2.30476215486579e-06
194	1.98060516950834e-06
195	1.81364176955827e-06
196	1.86996193554963e-06
197	2.24050406075764e-06
198	2.20110570724028e-06
199	2.56942207824078e-06
200	2.31872593518704e-06
201	2.99721433767696e-06
202	2.45823783864779e-06
203	1.7044870427572e-06
204	2.18319188234274e-06
205	1.42874024091467e-06
206	1.88641480769699e-06
207	1.74132123137198e-06
208	1.78850390991531e-06
209	1.80078482881102e-06
210	1.82247659551428e-06
211	1.77244775637604e-06
212	1.4688496008602e-06
213	1.9069372616679e-06
214	2.02853470226944e-06
215	1.6661758456157e-06
216	1.54354395598441e-06
217	1.79482160700575e-06
218	2.12374050292092e-06
219	2.45128678102365e-06
220	2.4971217112128e-06
221	1.68536876342096e-06
222	1.42994688845572e-06
223	1.23893952777688e-06
224	1.86356536001872e-06
225	1.43462324856843e-06
226	1.85912808633852e-06
227	1.40303283694716e-06
228	9.73745309558979e-07
229	1.38745501705584e-06
230	1.6282411044075e-06
231	1.3314172710212e-06
232	1.22783410459216e-06
233	2.14125341827382e-06
234	1.29719773957342e-06
235	2.02436795191219e-06
236	1.01029682789101e-06
237	1.37378675192769e-06
238	1.26715229023608e-06
239	1.56568484528817e-06
240	1.03978067162102e-06
241	1.41462792588181e-06
242	1.02737615991685e-06
243	1.40510830484455e-06
244	6.36233821458339e-07
245	1.44511007352378e-06
246	1.1272650406437e-06
247	1.52991914601511e-06
248	1.35467582927536e-06
249	9.09887779956717e-07
250	1.43522833262614e-06
251	1.41298403037197e-06
252	1.21107343177758e-06
253	1.13098606695156e-06
254	9.60018648324513e-07
255	1.01340331393627e-06
256	9.35682367924065e-07
257	1.0192115212349e-06
258	8.08465573438743e-07
259	1.02726903369817e-06
260	1.05074803578502e-06
261	7.79674004517678e-07
262	9.56452440282716e-07
263	1.10424164868699e-06
264	1.70595882202845e-06
265	1.01379773990234e-06
266	9.11044282740213e-07
267	1.10843117293949e-06
268	7.86959297703295e-07
269	9.44003956299308e-07
270	8.11762892714904e-07
271	5.9622786900325e-07
272	6.82052187355674e-07
273	9.75094891773224e-07
274	1.08059970371911e-06
275	4.06451706313309e-07
276	5.50453397266015e-07
277	6.82334698117366e-07
278	8.72306604061541e-07
279	5.55857612868871e-07
280	8.57286730785754e-07
281	1.09301064501004e-06
282	1.1071298791531e-06
283	6.66956993208237e-07
284	4.17733794935051e-07
285	8.44544093884836e-07
286	4.49835412922077e-07
287	5.67952286094571e-07
288	4.65368405765209e-07
289	5.10057068503127e-07
290	4.01907357437121e-07
291	4.02594484591821e-07
292	6.92521110241983e-07
293	6.61810184703787e-07
294	5.28635978505523e-07
295	6.78110744427743e-07
296	1.10370986311681e-06
297	6.15890892097626e-07
298	5.10010794616494e-07
299	4.33446115460467e-07
300	3.69116280479063e-07
301	4.13194223656988e-07
302	7.22887079605102e-07
303	6.17714643585387e-07
304	3.40604086551559e-07
305	3.4193442164684e-07
306	3.12294622568453e-07
307	5.48493477627535e-07
308	4.77392206409009e-07
309	3.25312123654599e-07
310	3.50055807077491e-07
311	1.89278693756189e-07
312	3.63480317075698e-07
313	3.16150167261361e-07
314	9.15419479019335e-07
315	2.485175414788e-07
316	2.20538194541226e-07
317	3.61024366966261e-07
318	3.28570823750713e-07
319	1.86682715822291e-07
320	1.93367653233976e-07
321	2.31294224435999e-07
322	3.2299722918019e-07
323	3.08726768392925e-07
