1	3.95485734386786e-07
2	2.51341081757268e-07
3	2.79909726326827e-07
4	2.55691038288281e-07
5	1.21680006815411e-07
6	2.51865032715786e-07
7	2.76277282662255e-07
8	3.28439753258025e-07
9	1.77022164940925e-07
10	1.99018518120252e-07
11	6.4856745511651e-07
12	2.72116283429265e-07
13	3.04565834994098e-07
14	8.36851124160734e-07
15	4.32136763476478e-07
16	1.59890825546605e-07
17	3.92246966620958e-07
18	4.20460650599452e-07
19	1.79884437582686e-07
20	5.16727839647834e-07
21	4.83373848914819e-07
22	4.33334916601901e-07
23	2.46669425279142e-07
24	9.92498092561193e-07
25	7.11515447590479e-07
26	1.10983609356212e-06
27	2.2657237865177e-07
28	9.88881104616961e-07
29	9.43981262631064e-07
30	1.83774324443034e-06
31	2.367207045136e-07
32	6.1124527730399e-07
33	5.87104754343806e-07
34	5.80625638284094e-07
35	1.1422956817435e-06
36	1.80988955106606e-07
37	1.02277369997443e-06
38	4.0656056785244e-07
39	9.89995830089705e-07
40	5.62124629101309e-07
41	7.04190491170107e-07
42	1.94296123273025e-06
43	2.93302591361108e-07
44	8.48447145390253e-07
45	3.0082257955433e-06
46	1.390591702871e-06
47	2.26144259076628e-07
48	1.41659151787677e-06
49	8.5484413564165e-07
50	1.11064115798111e-06
51	1.2806844610632e-06
52	1.73737907218562e-06
53	6.69773115069018e-07
54	5.50056862682864e-07
55	1.06175183749484e-06
56	2.0676330655966e-06
57	6.52851416749315e-07
58	3.43888769737413e-07
59	1.33630084123038e-06
60	3.67560616910984e-06
61	1.65896461774307e-06
62	7.01229073533468e-07
63	1.02124041121741e-06
64	6.25746113000673e-07
65	9.03322456122782e-07
66	3.41099279219678e-06
67	1.30821757810881e-06
68	3.73443661165364e-06
69	1.67876495141531e-06
70	8.92965555965094e-07
71	1.7045293218014e-06
72	1.91332608190447e-06
73	7.89892298271383e-07
74	4.00490431156311e-07
75	2.23570521118627e-06
76	5.28251429519771e-07
77	7.63369051461247e-07
78	1.10062409314548e-06
79	2.99361582391312e-06
80	1.3128460687285e-06
81	3.19534440915833e-06
82	2.52908832205272e-06
83	4.78412832319097e-07
84	2.11539662635178e-06
85	1.63739470919264e-06
86	2.1254599010686e-06
87	6.58793537942416e-07
88	5.85439974661416e-07
89	1.04395152721613e-06
90	2.60725595799664e-06
91	2.8759030374072e-06
92	1.88741870889985e-06
93	3.2562078777519e-06
94	5.06234776020437e-06
95	2.43781224257552e-06
96	2.56259431786775e-06
97	1.74175250872133e-06
98	7.59064819525013e-07
99	2.3505172672376e-06
100	2.53064643907963e-06
101	1.03541479532152e-06
102	1.96264370937722e-06
103	2.89841251852122e-06
104	2.01781618968921e-06
105	9.12347347901325e-07
106	2.15357035451163e-06
107	2.40105532177947e-06
108	2.19929558670065e-06
109	2.45487643260461e-06
110	2.86572100175779e-06
111	9.89531557505166e-07
112	1.19514448289176e-06
113	1.87624205646508e-06
114	3.0803698292274e-06
115	2.25498129464763e-06
116	1.88562077158623e-06
117	1.84909588760117e-06
118	3.6219507827099e-06
119	3.42661033284512e-06
120	3.0960516905187e-06
121	1.31513234797628e-06
122	1.0970012921352e-06
123	2.00228290576553e-06
124	2.77088439411876e-06
125	3.36633010330068e-06
126	4.03890768563492e-06
127	1.50307398407702e-06
128	2.42598661530724e-06
129	1.76394626691861e-06
130	1.26802504355803e-06
131	1.86604261245803e-06
132	3.44603311787515e-06
133	2.16784269274384e-06
134	2.39911075803098e-06
135	2.45635076450691e-06
136	2.83685051664954e-06
137	3.52370735229837e-06
138	1.765018886868e-06
139	4.38374275918937e-06
140	8.53183844525025e-07
141	2.07475360480277e-06
142	2.75410292524273e-06
143	1.73742144224546e-06
144	1.38622899989884e-06
145	3.179853225472e-06
146	4.05556846350323e-06
147	2.10208280330278e-06
148	2.5556852864061e-06
149	2.24697211420645e-06
150	2.46255409701097e-06
151	3.00517370704409e-06
152	2.27723153165046e-06
153	2.21369629226324e-06
154	2.17399213800426e-06
155	5.06962508089089e-06
156	2.52554231332339e-06
157	4.44367267906931e-06
158	4.10484631819335e-06
159	1.6317778266589e-06
160	3.66001463265216e-06
161	1.86405448627796e-06
162	1.96055197800928e-06
163	2.53921630823159e-06
164	1.6569021184272e-06
165	2.74467974852749e-06
166	2.38588826429688e-06
167	4.28868502412462e-06
168	2.45236043730877e-06
169	1.7900373111927e-06
170	4.72499965492066e-06
171	2.880237155877e-06
172	2.07553094726781e-06
173	3.85275615096448e-06
174	3.11909942428224e-06
175	2.48971181890425e-06
176	3.14986041070387e-06
177	2.68055822391708e-06
178	3.14332753071317e-06
179	3.0572041445312e-06
180	2.06159892756848e-06
181	2.17805290153397e-06
182	2.4239788768527e-06
183	9.66329023338475e-07
184	2.87592283831845e-06
185	2.2470691322023e-06
186	3.76394078047263e-06
187	4.46921752924719e-06
188	2.53763932188484e-06
189	2.72422396080789e-06
190	2.89302443293191e-06
191	1.98641461057976e-06
192	2.76774079858457e-06
193	2.78524173031547e-06
194	7.04076100872474e-07
195	3.71844796210397e-06
196	3.44603785662566e-06
197	2.33311060434302e-06
198	4.38632333870322e-06
199	2.02895876934211e-06
200	1.42788160566317e-06
201	3.14478968158709e-06
202	2.70190343168274e-06
203	1.73232092820921e-06
204	1.58542773401192e-06
205	2.20044153339961e-06
206	1.86526409242228e-06
207	1.49312421745717e-06
208	2.12258140926068e-06
209	1.91776601532034e-06
210	1.62297244957815e-06
211	1.5321786352186e-06
212	3.55313341173831e-06
213	1.96784724363724e-06
214	1.48688654210147e-06
215	1.42107928268439e-06
216	1.32373551920778e-06
217	1.37425402408522e-06
218	2.74193142244002e-06
219	2.718361816407e-06
220	2.02182730864364e-06
221	2.3975065874136e-06
222	1.01189006636773e-06
223	1.99915690965612e-06
224	1.43674028762175e-06
225	1.30351196366334e-06
226	1.45409002631135e-06
227	4.34491709309793e-07
228	7.91257272926205e-07
229	1.58708721271208e-06
230	9.87084962981528e-07
231	1.48585533429204e-06
232	1.22721350432355e-06
233	1.47712845776584e-06
234	1.80847075442033e-06
235	8.57601991109276e-07
236	9.26359842212265e-07
237	1.00922720821104e-06
238	1.05197997529298e-06
239	1.0436982767035e-06
240	9.28871868974411e-07
241	6.61724455331282e-07
242	7.59475921699546e-07
243	6.74016689179508e-07
244	4.2559313699509e-07
245	4.73457515026308e-07
246	8.38488866923989e-07
247	8.10048883764262e-07
248	7.42563684673018e-07
249	4.44574966773838e-07
250	5.61170791637166e-07
251	8.52409431985891e-07
252	5.47749567009448e-07
253	5.05104970057143e-07
254	4.06794041791676e-07
255	5.81189144568754e-07
256	7.11686701077227e-07
257	4.45977057614423e-07
258	5.57671363906812e-07
259	3.72788082724082e-07
260	4.62266376760962e-07
261	2.69498167056205e-07
262	3.09746023791211e-07
263	4.67579948855828e-07
264	2.78604795726525e-07
265	3.35276059116759e-07
266	3.26318541821155e-07
267	4.01970616967573e-07
268	3.46015631658249e-07
269	2.52114663160742e-07
270	4.93332230066194e-07
271	2.05857508729342e-07
272	1.72092832887968e-07
273	1.0790105026252e-07
274	1.00656310529342e-07
275	2.33744995687898e-07
276	1.87111436787099e-07
277	1.87411389796028e-07
278	1.98759500248434e-07
279	1.37609236492754e-07
280	1.6934440532863e-07
281	2.59990949749138e-07
282	5.81590864355216e-08
283	2.66696622561709e-07
284	1.47566609731541e-07
285	1.83683734654197e-07
286	2.16723401613576e-07
287	8.98938678312031e-08
288	1.07790305167436e-07
289	1.36647401471756e-07
290	1.35487638325882e-07
291	1.25590178414645e-07
292	8.85698496525593e-08
293	4.27755595189121e-08
294	6.71512930259462e-08
295	8.45384761946485e-08
296	1.02542500461202e-07
297	4.51045171449995e-08
298	5.73780761237515e-08
299	4.28481934270486e-08
300	1.0080229598975e-07
301	7.81309881489594e-08
302	5.91841332384508e-08
303	8.45642901565601e-08
304	7.43972376171967e-08
305	7.40035093768688e-08
306	9.34479741194924e-08
307	5.44930515781254e-08
308	7.69659923374368e-08
309	4.12016140483328e-08
310	5.54581846727345e-08
311	4.54140796789367e-08
312	6.76305319473396e-08
313	4.12290301890289e-08
314	4.41234277591701e-08
315	6.748553455637e-08
316	7.20506167414429e-08
317	3.83038299264863e-08
318	4.94069842237569e-08
319	3.01035279393273e-08
320	3.05131893504592e-08
321	2.56142784982008e-08
322	2.46809559118215e-08
323	3.87606483194902e-08
