1	5.93054422201898e-07
2	3.99007650617721e-07
3	5.61928384223973e-07
4	4.82211899811763e-07
5	1.58432350844722e-07
6	4.90634245930112e-07
7	5.61554834570818e-07
8	5.77254890344711e-07
9	3.14412784679814e-07
10	3.4735092372746e-07
11	9.42318388623725e-07
12	7.70182411959128e-07
13	4.4247718693421e-07
14	1.36423326394248e-06
15	9.58677292462452e-07
16	3.21210632579175e-07
17	8.22104595995721e-07
18	8.9853831362266e-07
19	4.54210951519464e-07
20	1.16270401884565e-06
21	1.01112441590397e-06
22	9.09256460657033e-07
23	6.33411347671726e-07
24	2.15873023373142e-06
25	1.35616269429806e-06
26	2.1524914311973e-06
27	5.83328308610623e-07
28	1.87760883410104e-06
29	1.84784991502468e-06
30	3.33294776838505e-06
31	7.4035111920586e-07
32	1.41887983298807e-06
33	1.11355113609402e-06
34	1.26595540553356e-06
35	2.36195098621537e-06
36	5.27232859260209e-07
37	2.3562293000036e-06
38	1.09743462624563e-06
39	2.22584430645629e-06
40	1.36287954372016e-06
41	1.28789482728015e-06
42	3.01401901599037e-06
43	5.36734553813259e-07
44	2.18717426064673e-06
45	5.12312538333228e-06
46	2.61144048178188e-06
47	5.51458000370948e-07
48	2.67650024008892e-06
49	2.35777448019549e-06
50	2.0782522333451e-06
51	2.82500409369173e-06
52	3.22310470716955e-06
53	1.43033116701528e-06
54	1.5948347524391e-06
55	2.09645289869982e-06
56	3.95753452534996e-06
57	1.27621685349558e-06
58	8.73216471479347e-07
59	2.91169593756019e-06
60	5.71723497726295e-06
61	3.24405989449264e-06
62	1.63623918467299e-06
63	1.9750222644316e-06
64	1.58501841574094e-06
65	2.1639608466806e-06
66	5.3402557121019e-06
67	2.58186642155364e-06
68	5.86240892711339e-06
69	3.03150276256361e-06
70	1.44085643465166e-06
71	3.50368650985224e-06
72	3.05238327732004e-06
73	1.68232923671304e-06
74	1.07964182565045e-06
75	4.53228786971073e-06
76	1.18456141840337e-06
77	1.80363770035786e-06
78	2.57562558689037e-06
79	5.55772221437699e-06
80	2.72212136466101e-06
81	5.31945506479367e-06
82	5.62790005046424e-06
83	1.10600676647232e-06
84	4.39555887605967e-06
85	2.88797080906361e-06
86	4.33869573993915e-06
87	1.40675482557619e-06
88	1.55985958788756e-06
89	1.81636211069696e-06
90	4.15217674552251e-06
91	5.53576303869828e-06
92	3.68108960325856e-06
93	5.41821797368455e-06
94	7.36623095160498e-06
95	4.2944169113346e-06
96	4.22143912844286e-06
97	2.93346877155018e-06
98	1.39758924837516e-06
99	4.49225499091834e-06
100	4.75770418246184e-06
101	1.67080373361778e-06
102	3.5257781410645e-06
103	4.53166336430171e-06
104	3.91085251615604e-06
105	2.06807547167952e-06
106	4.05134968740567e-06
107	5.31338217275927e-06
108	4.03710169750872e-06
109	4.58368958010255e-06
110	4.9400751862124e-06
111	2.46293211878658e-06
112	2.08227835539304e-06
113	3.40558732424421e-06
114	6.03463441979149e-06
115	4.3165451728683e-06
116	3.91458265977273e-06
117	3.30680033106929e-06
118	7.23393463165426e-06
119	6.92481057305566e-06
120	5.22719366074787e-06
121	2.97062545093443e-06
122	2.54655208916571e-06
123	3.95050485523745e-06
124	4.67483595217299e-06
125	5.9140143290175e-06
126	7.82190500734945e-06
127	3.05551410594358e-06
128	4.65894374463778e-06
129	3.53180988967596e-06
130	3.17495965937833e-06
131	3.66515008724304e-06
132	5.80143100461855e-06
133	4.83484267286754e-06
134	4.63006589653525e-06
135	5.54739412124983e-06
136	5.08966902892022e-06
137	6.72190560094343e-06
138	3.32192133342478e-06
139	7.5797507212665e-06
140	2.26861892318124e-06
141	4.29694017866642e-06
142	5.27666508693393e-06
143	3.96613705859914e-06
144	3.4789998026105e-06
145	6.19860431973836e-06
146	6.71532240652954e-06
147	4.86671254975443e-06
148	6.38671899944131e-06
149	5.90532776515324e-06
150	5.15577698531374e-06
151	6.10705548934106e-06
152	5.13037565358832e-06
153	4.41603860790791e-06
154	4.22629178947852e-06
155	8.76293536228994e-06
156	4.66237196661629e-06
157	8.31336297930707e-06
158	7.92117991757141e-06
159	3.46297998202304e-06
160	7.21872170850157e-06
161	4.07570352334504e-06
162	4.24276297523891e-06
163	5.15159091275871e-06
164	3.80940943094537e-06
165	6.13874510978939e-06
166	4.74718674052207e-06
167	8.36665200388162e-06
168	4.72523920964585e-06
169	3.80725393508174e-06
170	8.70685406220457e-06
171	6.15591236800972e-06
172	5.5461517653678e-06
173	6.08870367433677e-06
174	6.75478781913746e-06
175	6.28801139917629e-06
176	6.2200518452029e-06
177	5.89861267222175e-06
178	6.47727056692964e-06
179	5.07203713111617e-06
180	5.31667632494487e-06
181	5.19947040871762e-06
182	5.30850304315842e-06
183	2.43283249458302e-06
184	6.25562770240832e-06
185	4.75090495465729e-06
186	5.75984028242914e-06
187	8.53526261774736e-06
188	4.71180239464136e-06
189	6.24740789841614e-06
190	4.78606939714295e-06
191	3.93217828031968e-06
192	6.6591477589855e-06
193	5.00228335551176e-06
194	1.65816329016777e-06
195	7.00374699010094e-06
196	6.06804877578052e-06
197	4.17647841975207e-06
198	7.83118207212223e-06
199	4.04066082722487e-06
200	3.23504595011831e-06
201	6.36994270231275e-06
202	5.03455976349573e-06
203	2.81047250550313e-06
204	3.2443209503671e-06
205	4.42010536041917e-06
206	3.10495909307534e-06
207	3.47182469334487e-06
208	5.32895274534444e-06
209	3.10881458650031e-06
210	3.54790472815316e-06
211	2.7820557211289e-06
212	5.55695571795589e-06
213	4.06400541750692e-06
214	2.90535330859021e-06
215	2.67769294226905e-06
216	2.72024116863131e-06
217	3.13214179633986e-06
218	5.73861541760177e-06
219	5.0593524927151e-06
220	3.37097418740074e-06
221	4.04845474744547e-06
222	1.7283675178255e-06
223	3.13631484399933e-06
224	2.48768409372276e-06
225	2.22983671946225e-06
226	2.47390563951593e-06
227	1.12038847759723e-06
228	1.77127147265458e-06
229	3.24180428773988e-06
230	1.9689511711085e-06
231	2.59250250409714e-06
232	2.38254938163979e-06
233	2.88103357471971e-06
234	2.94385782733225e-06
235	1.57386074848334e-06
236	1.7783231754756e-06
237	1.64690953180833e-06
238	2.27561480527691e-06
239	1.77017582924717e-06
240	1.49718388699266e-06
241	1.61040096530525e-06
242	1.48633070153139e-06
243	1.41738728549907e-06
244	1.06525485542998e-06
245	1.0783321838946e-06
246	1.60193395902894e-06
247	1.74655043200095e-06
248	1.15892075258525e-06
249	7.39746880643775e-07
250	1.12472110135543e-06
251	1.88648388143042e-06
252	9.75463225371981e-07
253	9.74674266891884e-07
254	7.98394385503871e-07
255	1.17911560471314e-06
256	1.30510327111255e-06
257	9.14809991828469e-07
258	8.65064371320858e-07
259	7.59063296577788e-07
260	1.04796767072822e-06
261	6.49278758608877e-07
262	6.66425441203302e-07
263	8.13282093335492e-07
264	6.20325674545283e-07
265	5.79683449194228e-07
266	5.69943466305662e-07
267	7.82748002318945e-07
268	7.10105368598074e-07
269	6.04629816309021e-07
270	9.13867209751303e-07
271	5.24077279487033e-07
272	4.65989554238372e-07
273	2.83174603969876e-07
274	2.44654774233883e-07
275	5.33296776930555e-07
276	3.85757769854343e-07
277	3.89976291056559e-07
278	4.58073971447352e-07
279	3.40318290719713e-07
280	3.28788921276949e-07
281	5.46874841313156e-07
282	1.56743043679135e-07
283	5.75717319911779e-07
284	4.11069542604564e-07
285	3.93831150943313e-07
286	4.34398120055774e-07
287	1.91330148809519e-07
288	2.75414413547693e-07
289	3.18578639760422e-07
290	3.26349127950892e-07
291	2.51476151451335e-07
292	2.45810738766786e-07
293	1.01736719598428e-07
294	1.68681714105379e-07
295	2.00779779200344e-07
296	2.01247658619161e-07
297	1.11178244384252e-07
298	1.07453172421794e-07
299	1.32912223248322e-07
300	2.22058638013902e-07
301	1.64357157222294e-07
302	1.34187750869316e-07
303	1.75095331671398e-07
304	1.39766297783592e-07
305	1.36767155915769e-07
306	1.81182543850079e-07
307	1.37450732677355e-07
308	1.75551559790119e-07
309	7.50601494688687e-08
310	1.67590452499541e-07
311	1.19855206050916e-07
312	1.72677643448664e-07
313	9.18432336305772e-08
314	1.08011236111276e-07
315	1.39380181204681e-07
316	1.2807867897207e-07
317	7.68696573021331e-08
318	1.0479496332692e-07
319	6.57486376320432e-08
320	7.30277346142166e-08
321	5.07726769549725e-08
322	4.57731861902986e-08
323	7.5256713057886e-08
