1	5.76715147856825e-07
2	5.97025625634609e-07
3	6.10261336851551e-07
4	5.39876302881558e-07
5	6.4076376063463e-07
6	4.79059157662987e-07
7	8.24860877715723e-07
8	7.16371081945922e-07
9	7.66755120878904e-07
10	1.02454114693608e-06
11	7.72576772943565e-07
12	1.09450348862801e-06
13	7.8587324731414e-07
14	1.36662000054704e-06
15	1.23772569107291e-06
16	7.08656668338e-07
17	1.31513914683055e-06
18	7.28648474714735e-07
19	1.1469018630408e-06
20	7.61937142455293e-07
21	1.11417279970647e-06
22	1.03792893461726e-06
23	8.17128285125972e-07
24	1.19781540058295e-06
25	7.88673733386314e-07
26	8.7661039668498e-07
27	2.19021489297657e-06
28	3.65375369571357e-07
29	9.49787875812187e-07
30	1.48125251151947e-06
31	1.15394654434895e-06
32	8.29197278421075e-07
33	1.19648950310475e-06
34	1.52323882416934e-06
35	1.66398497169975e-06
36	1.32972685729451e-06
37	6.77791776358026e-07
38	1.17429281197149e-06
39	3.95865215801581e-07
40	1.91882756828205e-06
41	1.82156003946291e-06
42	1.13099899890739e-06
43	1.32395323986233e-06
44	9.88482832310787e-07
45	1.38809784255444e-06
46	1.01991532234518e-06
47	1.46095352838828e-06
48	1.33845669319127e-06
49	1.41033609311534e-06
50	1.34807985485432e-06
51	2.14088354758983e-06
52	1.33144713767376e-06
53	1.37025246097419e-06
54	1.00615714057139e-06
55	1.09042301210668e-06
56	1.39467873282494e-06
57	2.01870127440923e-06
58	1.2963271882006e-06
59	1.33267456382381e-06
60	7.25801241920137e-07
61	2.14327984261949e-06
62	1.47433614369034e-06
63	1.81786839256948e-06
64	3.98356709285629e-07
65	1.62417823025797e-06
66	1.36447748670413e-06
67	9.90134999751446e-07
68	1.91398964950349e-06
69	1.02389391382427e-06
70	2.36218035971549e-06
71	7.3607976584342e-07
72	2.37797336117431e-06
73	2.03690524917112e-06
74	2.0506423455479e-06
75	2.58623147870273e-06
76	1.37034440516016e-06
77	4.05029226020277e-07
78	1.91675822908994e-06
79	1.20144314842774e-06
80	1.26278415551498e-06
81	2.46629485582952e-06
82	1.05638020784248e-06
83	2.62055284611579e-06
84	1.27217612224496e-06
85	1.0903035135415e-06
86	1.26240993625372e-06
87	1.2927707320972e-06
88	1.56537211410272e-06
89	9.247538047403e-07
90	1.31291213511472e-06
91	1.03545411938218e-06
92	1.26845714964858e-06
93	2.39381795119247e-06
94	1.6750417354993e-06
95	2.52455207575005e-06
96	1.58610597455063e-06
97	2.42518933603737e-06
98	1.33522364369242e-06
99	7.44461128605703e-07
100	1.16567597227229e-06
101	2.13108724244139e-06
102	1.64265069991532e-06
103	1.30400336241657e-06
104	2.21589576682873e-06
105	1.48104397645205e-06
106	2.71199982083544e-06
107	1.92190475819488e-06
108	2.42293679828418e-06
109	2.71376737022279e-06
110	1.3075373917983e-06
111	1.84270884752241e-06
112	4.75264297169073e-07
113	8.9264277693625e-07
114	1.59876415194753e-06
115	1.11434588635213e-06
116	2.16170058251858e-06
117	1.4990546757877e-06
118	1.18936529205991e-06
119	1.78488817335897e-06
120	1.71419521507988e-06
121	1.63488883662971e-06
122	2.75143234685103e-06
123	1.4917069252115e-06
124	2.93906734302158e-06
125	1.42670417914815e-06
126	1.27303782981459e-06
127	1.18439193837823e-06
128	1.23378052040144e-06
129	2.21376330697458e-06
130	1.66183884993394e-06
131	8.96962823734184e-07
132	2.17101746664544e-06
133	1.92142519897941e-06
134	1.3635682798003e-06
135	8.71425119689946e-07
136	1.91820472597975e-06
137	3.16431600789597e-06
138	3.18052206576378e-06
139	2.31463191892831e-06
140	1.06715382991916e-06
141	7.89534686113488e-07
142	2.01903901131883e-06
143	7.45976450877335e-07
144	2.56768059489496e-06
145	2.12679425589129e-06
146	2.23223427583631e-06
147	2.08684628645511e-06
148	3.70473782154379e-07
149	1.89574547830293e-06
150	1.19727869397493e-06
151	2.24301256969242e-06
152	1.43258740305711e-06
153	2.55304383802121e-06
154	3.26563290507926e-06
155	2.90190423828121e-06
156	2.02907981018087e-06
157	2.19333099403267e-06
158	4.98153879129161e-07
159	1.10322082111846e-06
160	1.20700429663059e-06
161	1.55970550578118e-06
162	2.53434303534338e-06
163	1.24779194859333e-06
164	7.79304609322408e-07
165	2.08374105451545e-06
166	1.19562113521778e-06
167	1.54042876174611e-06
168	2.21587904460257e-06
169	1.68636721452347e-06
170	3.64989257658235e-06
171	2.33371568986328e-06
172	2.28716397790526e-06
173	1.37835429455245e-06
174	1.76844267068059e-06
175	7.62250724618041e-07
176	1.29309308808351e-06
177	1.41422645669685e-06
178	2.04801993795313e-06
179	1.43210935453285e-06
180	2.85290749031797e-06
181	1.09159256149398e-06
182	1.71641921989113e-06
183	1.12720476178892e-06
184	1.20363363035985e-06
185	2.2311352300442e-06
186	2.9164216935093e-06
187	2.00914287673289e-06
188	1.70454270510215e-06
189	1.32729850909322e-06
190	2.26319028827103e-06
191	2.38844601976633e-06
192	2.66447483259862e-06
193	1.28505540278978e-06
194	8.14748562114958e-07
195	1.37295682312179e-06
196	1.90272751955891e-06
197	5.98712002818023e-07
198	9.69328255810206e-07
199	1.32752329223706e-06
200	5.81079540732994e-07
201	1.64700636483465e-06
202	2.00505177945128e-06
203	2.1227844202395e-06
204	1.38373545055433e-06
205	3.14449457582209e-06
206	2.95414607781715e-06
207	2.24848692707975e-06
208	1.46331191326672e-06
209	1.46038892172266e-06
210	1.81167975648276e-06
211	1.29142948929141e-06
212	1.40226238003347e-06
213	1.0490035251077e-06
214	8.68567541315934e-07
215	2.18819850326074e-06
216	8.5753083818827e-07
217	1.7152443634224e-06
218	2.24688051686516e-06
219	2.38147094528125e-06
220	1.24908957453361e-06
221	1.54601874340532e-06
222	2.72997077681106e-06
223	1.22764084130188e-06
224	2.69252591152203e-06
225	2.27574152686458e-06
226	1.68398569642677e-06
227	1.03232427771891e-06
228	2.36356239456331e-06
229	2.45880071402894e-06
230	9.8388702969055e-07
231	3.04965325308588e-06
232	1.69173105469916e-06
233	3.45692246169418e-07
234	1.74831171987701e-06
235	1.28606497291046e-06
236	1.92220437070655e-06
237	1.46829586275425e-06
238	1.01103869387398e-06
239	1.00508725369976e-06
240	1.61295155504124e-06
241	2.00145919794055e-06
242	2.01779569571813e-06
243	1.52464275440207e-06
244	9.35879365765013e-07
245	1.60860613674007e-06
246	1.53024555239924e-06
247	1.52836561362916e-06
248	2.41424096823069e-06
249	2.16638502731184e-06
250	4.95739665417273e-07
251	1.65498316092239e-06
252	6.53209399863942e-07
253	1.91705596436375e-06
254	1.62609193422151e-06
255	1.64690813575592e-06
256	1.18958899304183e-06
257	1.59037043085028e-06
258	4.24149709564376e-07
259	9.31702912192036e-07
260	7.49927510817658e-07
261	1.76973534339075e-06
262	1.18181314451496e-06
263	1.23106118998211e-06
264	8.08977728987109e-07
265	1.33170106964592e-06
266	1.65789271737817e-06
267	1.78725218255662e-06
268	8.51715128750475e-07
269	9.41684564653019e-07
270	1.21634067941509e-06
271	6.67682253790593e-07
272	1.40689176620037e-06
273	5.79060484899837e-07
274	1.00193444342489e-06
275	1.10732243897752e-06
276	1.10266130870749e-06
277	7.01319018673395e-07
278	3.59717152455533e-07
279	9.60209999421282e-07
280	5.87102012001557e-07
281	7.89066669056915e-07
282	8.34658940510744e-07
283	6.95673950456676e-07
284	8.55339005818017e-07
285	8.34996604615593e-07
286	4.81670925662921e-07
287	8.71864060572739e-07
288	4.41742304471894e-07
289	3.8654921293261e-07
290	5.61194193595433e-07
291	4.867996012583e-07
292	4.53854922320911e-07
293	5.29114937238956e-07
294	3.93497873892689e-07
295	3.56625693378342e-07
296	6.96128192140992e-07
297	4.22726408149498e-07
298	5.82718848780945e-07
299	5.16949936753229e-07
300	7.50584494300659e-07
301	3.17858669332603e-07
302	5.61999378146078e-07
303	3.65141513534963e-07
304	2.81817296355516e-07
305	5.22447450951362e-07
306	3.6080100124787e-07
307	2.80031931492128e-07
308	2.80572230899598e-07
309	3.69883019174126e-07
310	2.41672674235289e-07
311	2.76641441538785e-07
312	5.64848572039119e-07
313	2.0232354766837e-07
314	2.9896407333937e-07
315	1.97151522552578e-07
316	2.07320692113588e-07
317	2.58072122706958e-07
318	2.46126506574715e-07
319	3.31951862143339e-07
320	2.11654414395156e-07
321	2.30267937521708e-07
322	1.24693826505223e-07
323	2.06130786783644e-07
