1	3.22851715424848e-05
2	3.05435718468957e-05
3	2.92183951196548e-05
4	2.81137936077726e-05
5	2.78588105850239e-05
6	2.65801131091425e-05
7	2.53389226743725e-05
8	2.41370885602814e-05
9	2.2702232542754e-05
10	2.20614408612785e-05
11	2.17317041211307e-05
12	2.07934139275399e-05
13	2.0616831461499e-05
14	1.94102311166372e-05
15	1.88456972184973e-05
16	1.76875132635826e-05
17	1.70786588096178e-05
18	1.6083731457594e-05
19	1.59092064350177e-05
20	1.5705766520202e-05
21	1.4723523173849e-05
22	1.44921253081288e-05
23	1.42496152891646e-05
24	1.36275019463836e-05
25	1.33660471695759e-05
26	1.30855077573422e-05
27	1.25530918813499e-05
28	1.19723570408445e-05
29	1.14761799175158e-05
30	1.12587804481782e-05
31	1.07939871272703e-05
32	1.07275537332924e-05
33	1.0167622740741e-05
34	1.00693500172281e-05
35	9.51848339296299e-06
36	9.25617410705497e-06
37	9.087087107393e-06
38	8.87141696956919e-06
39	8.45646723851739e-06
40	8.1242937524807e-06
41	7.91798424584372e-06
42	7.70614224016961e-06
43	7.42776846049056e-06
44	6.93606147313968e-06
45	6.74224407169447e-06
46	6.61892479380717e-06
47	6.26488857969789e-06
48	6.11749485428878e-06
49	5.96039123711783e-06
50	5.58297782483959e-06
51	5.49362810790757e-06
52	5.27904804020495e-06
53	4.85987821137879e-06
54	4.73591973499368e-06
55	4.58817844490292e-06
56	4.41811465715779e-06
57	4.21302426852672e-06
58	4.1948564572964e-06
59	4.04977757337008e-06
60	3.81683774490456e-06
61	3.69290396278696e-06
62	3.60038085051301e-06
63	3.35316053011484e-06
64	3.26548795897941e-06
65	3.22731458256676e-06
66	3.07897236399853e-06
67	2.96479658087856e-06
68	2.78799471074665e-06
69	2.71498841918809e-06
70	2.62958248559951e-06
71	2.56370272044934e-06
72	2.38236820080916e-06
73	2.26830647785556e-06
74	2.17778811933628e-06
75	2.1294312012622e-06
76	2.0443032309641e-06
77	1.98383421593049e-06
78	1.96410420145615e-06
79	1.89910446744117e-06
80	1.82412991157329e-06
81	1.78973570532374e-06
82	1.73627396240385e-06
83	1.66794046880865e-06
84	1.65765368850007e-06
85	1.56586045844329e-06
86	1.54094059417846e-06
87	1.53524079751818e-06
88	1.50273659319786e-06
89	1.45497798115001e-06
90	1.34660383825927e-06
91	1.32045031291979e-06
92	1.28429007795972e-06
93	1.25194126797579e-06
94	1.24471455360763e-06
95	1.22390634015134e-06
96	1.1741009428807e-06
97	1.13334705073904e-06
98	1.01482547437126e-06
99	9.39009015280825e-07
100	9.1895641115064e-07
101	8.80458978726636e-07
102	8.6136789749011e-07
103	8.47123799478825e-07
104	7.8735296591059e-07
105	7.78879240990922e-07
106	7.62227549998909e-07
107	7.38741982293256e-07
108	7.28947284880816e-07
109	6.76232432584296e-07
110	6.38012902624467e-07
111	5.66762150644287e-07
112	5.44848412764973e-07
113	5.25660482403835e-07
114	5.0141320934298e-07
115	4.94692580359864e-07
116	4.64837529952411e-07
117	4.34185059963116e-07
118	4.28019342410176e-07
119	4.14586550939793e-07
120	4.09780321383509e-07
121	3.97699776798095e-07
122	3.83494688281391e-07
123	3.77333649008987e-07
124	3.57415622293221e-07
125	3.38721450214872e-07
126	3.33968282241568e-07
127	3.25641445547204e-07
128	3.11963704864293e-07
129	3.06435180123558e-07
130	2.9715144274853e-07
131	2.95842862399796e-07
132	2.8351231159931e-07
133	2.74201186202437e-07
134	2.71447386636144e-07
135	2.62136009212049e-07
136	2.46568922717057e-07
137	2.42631643443244e-07
138	2.32605849580235e-07
139	2.26257727164847e-07
140	2.2169034161231e-07
141	2.1244326873345e-07
142	2.08964323309744e-07
143	2.0542245132374e-07
144	2.0330019187005e-07
145	1.93777948390955e-07
146	1.83522586771108e-07
147	1.74630619338109e-07
148	1.70844794591942e-07
149	1.62738139690646e-07
150	1.58383347251542e-07
151	1.55589610191218e-07
152	1.49279758490931e-07
153	1.45866053316273e-07
154	1.43176645185359e-07
155	1.40040996978489e-07
156	1.35747880207434e-07
157	1.30946757911571e-07
158	1.29940976353474e-07
159	1.26103116038769e-07
160	1.22853598384012e-07
161	1.19059369441256e-07
162	1.11606981442265e-07
163	1.09447724077393e-07
164	1.07845341188374e-07
165	1.04552398937327e-07
166	1.00199913353621e-07
167	9.7566687625144e-08
168	9.27647015468792e-08
169	9.04390864838048e-08
170	8.75151726896229e-08
171	8.45707286421786e-08
172	7.93154690536513e-08
173	7.6690957543248e-08
174	7.37558046747565e-08
175	7.19895979261315e-08
176	6.95322812316013e-08
177	6.71396681633058e-08
178	6.58415767857049e-08
179	6.33565797562383e-08
180	6.08033371819361e-08
181	5.86123415292805e-08
182	5.73786197100743e-08
183	5.22354905698732e-08
184	5.06395289671894e-08
185	4.87487033679349e-08
186	4.63213106347776e-08
187	4.54283729047036e-08
188	4.38436468925057e-08
189	4.23613142291849e-08
190	3.92362852379647e-08
191	3.77822340638731e-08
192	3.62617817657007e-08
193	3.55533403735275e-08
194	3.49159935512364e-08
195	3.33397299103709e-08
196	3.24211508470504e-08
197	3.17965755650459e-08
198	3.05473311287037e-08
199	2.8567050651448e-08
200	2.74606806615293e-08
201	2.53242138141507e-08
202	2.48545763272833e-08
203	2.35069428680267e-08
204	2.3126749769999e-08
205	2.30526637644573e-08
206	2.25332248954422e-08
207	2.15071736956408e-08
208	1.96386302086208e-08
209	1.92228793813285e-08
210	1.84125870551158e-08
211	1.73435426113349e-08
212	1.68372710961637e-08
213	1.59593333046093e-08
214	1.55028960245165e-08
215	1.43512913062059e-08
216	1.38481530115613e-08
217	1.33958789401336e-08
218	1.29441070051051e-08
219	1.22791194944715e-08
220	1.14049000628946e-08
221	1.10704785961466e-08
222	1.02732561858934e-08
223	9.86833391938584e-09
224	9.59566898629964e-09
225	9.05492708294544e-09
226	8.66383451107802e-09
227	8.33642199327316e-09
228	7.68378189266115e-09
229	7.54254767959466e-09
230	7.22749899488834e-09
231	6.87379793018166e-09
232	6.64763144995673e-09
233	6.52259398786296e-09
234	6.2994456970463e-09
235	5.75347842206611e-09
236	5.56430715827728e-09
237	4.98526431177675e-09
238	4.79487325972207e-09
239	4.75385708382963e-09
240	4.63681541718131e-09
241	4.24657094543008e-09
242	3.95784443612195e-09
243	3.70348612941626e-09
244	3.56899757776399e-09
245	3.39414092567299e-09
246	3.22479965876148e-09
247	3.09372350057069e-09
248	2.87342220930335e-09
249	2.78048716634962e-09
250	2.56021914745038e-09
251	2.41758447809703e-09
252	2.30187890127893e-09
253	2.19713935487637e-09
254	2.06696803842809e-09
255	2.01083001095627e-09
256	1.84424424065799e-09
257	1.7503876592523e-09
258	1.69048458925815e-09
259	1.54998541423241e-09
260	1.49044129504064e-09
261	1.40781255314449e-09
262	1.26818454916037e-09
263	1.23415662833391e-09
264	1.1587608739618e-09
265	1.07440317975662e-09
266	9.54396657807865e-10
267	9.23498921034853e-10
268	8.66310000447205e-10
269	8.44257133087507e-10
270	8.11295228062017e-10
271	7.23841888808242e-10
272	6.71486010170376e-10
273	6.49617805442751e-10
274	6.06680057594495e-10
275	5.35229063523955e-10
276	5.22581513494264e-10
277	5.04917095635292e-10
278	4.58935233856361e-10
279	4.10825835411271e-10
280	3.90145505642875e-10
281	3.84555378226265e-10
282	3.72048636542096e-10
283	3.28917512643756e-10
284	3.07610389560801e-10
285	2.77821029092744e-10
286	2.65818094730697e-10
287	2.41048789753015e-10
288	2.18848928308073e-10
289	2.10161151726504e-10
290	1.88387741578656e-10
291	1.8398985619225e-10
292	1.73647691599769e-10
293	1.47107690034699e-10
294	1.35267220730257e-10
295	1.28814469555329e-10
296	1.1436085694328e-10
297	1.05210914358667e-10
298	9.39237100164924e-11
299	9.03177591625277e-11
300	7.97400290964708e-11
301	6.65132853107068e-11
302	6.39423354894741e-11
303	5.71828385049614e-11
304	5.14328823895669e-11
305	4.5645876535901e-11
306	4.21844233248071e-11
307	4.14210067475123e-11
308	3.14519921346517e-11
309	2.60459902020779e-11
310	2.394971544886e-11
311	2.30715179893591e-11
312	2.14833948849113e-11
313	1.6668044985511e-11
314	1.33251963355693e-11
315	1.06752046521753e-11
316	1.02091275993024e-11
317	7.35391983767834e-12
318	7.15317719368579e-12
319	5.8313419202006e-12
320	5.22452645754693e-12
321	2.85100108891021e-12
322	1.0307313486477e-12
323	8.41943818398651e-13
