1	1.28379720605372e-05
2	1.1273329214926e-05
3	1.03125462504969e-05
4	9.90526239690534e-06
5	8.98727625572031e-06
6	8.4119668738681e-06
7	7.78545607038699e-06
8	6.58236576895306e-06
9	6.53606718704556e-06
10	6.11232712790566e-06
11	6.00444294865538e-06
12	5.79255772009472e-06
13	5.43618807384812e-06
14	5.14290633431454e-06
15	4.78645086642077e-06
16	4.54605700419935e-06
17	4.41719255924205e-06
18	3.98039518659983e-06
19	3.84693771550527e-06
20	3.69497494486183e-06
21	3.50785349910604e-06
22	3.29926531113665e-06
23	3.03198751838772e-06
24	2.96975862214498e-06
25	2.80292093647083e-06
26	2.77802566110527e-06
27	2.76403715518865e-06
28	2.6330240889215e-06
29	2.51957340960665e-06
30	2.47603329922692e-06
31	2.23261599924821e-06
32	2.19092310642469e-06
33	2.12401216623324e-06
34	2.07497210675116e-06
35	1.93143300800913e-06
36	1.79961848615603e-06
37	1.77254847897462e-06
38	1.61780986847077e-06
39	1.57247622954595e-06
40	1.53290180016669e-06
41	1.48080660031248e-06
42	1.4133287207405e-06
43	1.32377024307127e-06
44	1.2812483940113e-06
45	1.25432504697134e-06
46	1.19781515042592e-06
47	1.13000906403495e-06
48	1.07148906682795e-06
49	1.04171731447332e-06
50	1.00014989427877e-06
51	9.36494348143929e-07
52	8.8352842676436e-07
53	7.95128357504781e-07
54	7.73833156088563e-07
55	7.6415679235249e-07
56	7.57044935859797e-07
57	7.04960639818107e-07
58	6.70151961529818e-07
59	6.33741879013912e-07
60	5.99476313549822e-07
61	5.59123710683422e-07
62	5.55955767712179e-07
63	5.41041960917036e-07
64	5.23957214640712e-07
65	4.92957631994143e-07
66	4.58743335250158e-07
67	4.54772006661723e-07
68	4.21989247821419e-07
69	4.00620314876624e-07
70	3.91493292275565e-07
71	3.78663568498162e-07
72	3.57842406095184e-07
73	3.46449540464551e-07
74	3.31150094771324e-07
75	3.19323977105027e-07
76	2.94658826566395e-07
77	2.7689809683309e-07
78	2.72169436219503e-07
79	2.69489293213957e-07
80	2.60506742343891e-07
81	2.41331213370461e-07
82	2.40350469823187e-07
83	2.26848129658002e-07
84	2.15919774500442e-07
85	2.13012113763671e-07
86	2.01576243924141e-07
87	1.90603120422877e-07
88	1.82285389744939e-07
89	1.72898903908487e-07
90	1.70762778273612e-07
91	1.67649720978584e-07
92	1.61449093857459e-07
93	1.54134918994618e-07
94	1.52295552455e-07
95	1.4757425503021e-07
96	1.43911361391334e-07
97	1.32959055354236e-07
98	1.27721943251728e-07
99	1.19739589944656e-07
100	1.17077575801571e-07
101	1.13667053141145e-07
102	1.07637110078728e-07
103	1.03860360116757e-07
104	9.86815245730054e-08
105	9.44977892390823e-08
106	9.22894319447179e-08
107	8.79594216526302e-08
108	8.43211433417199e-08
109	8.08971961912536e-08
110	7.98858158989209e-08
111	7.62199364417132e-08
112	7.28163623373871e-08
113	7.14271985864467e-08
114	6.92628481064533e-08
115	6.38228038901947e-08
116	6.36810873568289e-08
117	6.21983222115586e-08
118	6.09492384051023e-08
119	5.78155001742702e-08
120	5.25988188661764e-08
121	5.01336661288898e-08
122	4.88010068615026e-08
123	4.58238063460792e-08
124	4.4969616468278e-08
125	4.3406361928391e-08
126	4.14445010935505e-08
127	4.03899307433504e-08
128	3.96177019571103e-08
129	3.84147085815793e-08
130	3.53853582162092e-08
131	3.45753255539145e-08
132	3.22450401668667e-08
133	3.10228630450834e-08
134	2.9790372054516e-08
135	2.9307768866259e-08
136	2.78404468368746e-08
137	2.69581938747265e-08
138	2.66048091301859e-08
139	2.53414978336487e-08
140	2.42115845899451e-08
141	2.28996373222445e-08
142	2.19850861253972e-08
143	2.14341123164992e-08
144	2.09217131520557e-08
145	1.96576436101362e-08
146	1.85032928195884e-08
147	1.79776953063649e-08
148	1.74673762049573e-08
149	1.65591424253296e-08
150	1.61093083900133e-08
151	1.4831536986254e-08
152	1.46279367544624e-08
153	1.41145807625555e-08
154	1.32998331096414e-08
155	1.31349951116126e-08
156	1.24917640056525e-08
157	1.20292587036775e-08
158	1.1611264692538e-08
159	1.10255504486167e-08
160	1.0581245753008e-08
161	1.02949727739296e-08
162	1.00678262319654e-08
163	9.91450717205958e-09
164	9.18826409772051e-09
165	8.59592166752834e-09
166	8.08506638842885e-09
167	7.83776272969777e-09
168	7.76146388387935e-09
169	7.34688476788141e-09
170	6.92892425003294e-09
171	6.58479805629981e-09
172	6.50906919873514e-09
173	6.33374823584698e-09
174	6.21950843887747e-09
175	5.77853719807604e-09
176	5.4633666058679e-09
177	5.33972834926328e-09
178	4.92238988811525e-09
179	4.84589143588597e-09
180	4.63477931857231e-09
181	4.49803921084675e-09
182	4.16209084579735e-09
183	3.9310366606507e-09
184	3.81851753584629e-09
185	3.7237074360489e-09
186	3.65823261775566e-09
187	3.4924177580738e-09
188	3.36020512028671e-09
189	3.21998935467305e-09
190	3.09543596123697e-09
191	2.97397518597432e-09
192	2.86808195326788e-09
193	2.77934878362195e-09
194	2.66841801077411e-09
195	2.54928817702387e-09
196	2.32451453768807e-09
197	2.17917561529659e-09
198	2.14657597699833e-09
199	2.08340807271412e-09
200	1.99615945858634e-09
201	1.91735168557806e-09
202	1.88400687173834e-09
203	1.82114681104798e-09
204	1.76634968161674e-09
205	1.66940919799591e-09
206	1.58983718380329e-09
207	1.5168146372385e-09
208	1.45352323197793e-09
209	1.44243258706659e-09
210	1.37671617845326e-09
211	1.33480882637372e-09
212	1.22589130247706e-09
213	1.15922427740571e-09
214	1.11259018481209e-09
215	1.09264000544279e-09
216	9.80812534960174e-10
217	9.57147586443235e-10
218	9.43512593925911e-10
219	9.09463939467435e-10
220	8.73722359048958e-10
221	8.48928413161601e-10
222	8.04790285698916e-10
223	7.72205696168003e-10
224	7.27090406266626e-10
225	7.05945413809714e-10
226	6.73955739325903e-10
227	6.21702019866996e-10
228	5.91130765802724e-10
229	5.66194448496295e-10
230	5.49971190345212e-10
231	5.41377998528819e-10
232	5.23504167160889e-10
233	5.07110856687222e-10
234	4.6998629762968e-10
235	4.43790327815607e-10
236	4.36586489280598e-10
237	3.97008816128309e-10
238	3.95128300232117e-10
239	3.8691494149703e-10
240	3.65451589308763e-10
241	3.49607712899768e-10
242	3.23682194072672e-10
243	3.1139913439222e-10
244	2.97658814751613e-10
245	2.81076837065336e-10
246	2.65585655137161e-10
247	2.58020876034606e-10
248	2.51632760916666e-10
249	2.39479276637017e-10
250	2.24253790964989e-10
251	2.23513685922881e-10
252	2.09567146688562e-10
253	2.04627722108292e-10
254	1.91769246651376e-10
255	1.78509314780772e-10
256	1.72356082565464e-10
257	1.612989614086e-10
258	1.57065714636813e-10
259	1.52393220323123e-10
260	1.48074584174364e-10
261	1.43385347704372e-10
262	1.23469674849188e-10
263	1.18124461552676e-10
264	1.12164636663764e-10
265	1.09243395866232e-10
266	1.05763717481234e-10
267	1.03641324624292e-10
268	9.99564809541021e-11
269	9.88542782281266e-11
270	9.08110316846119e-11
271	8.59022474900284e-11
272	8.32918915508237e-11
273	7.82517096868334e-11
274	7.77887760395798e-11
275	6.98962573333488e-11
276	6.55055809328127e-11
277	6.47280005111204e-11
278	5.96280876297924e-11
279	5.65170692838761e-11
280	5.61283993646964e-11
281	5.17236809560088e-11
282	4.84172805597428e-11
283	4.55626315769802e-11
284	4.30408005065366e-11
285	4.0953395270429e-11
286	3.96769838929711e-11
287	3.78843303504584e-11
288	3.6871458403592e-11
289	3.5604992377537e-11
290	3.29594147758256e-11
291	3.22048789137532e-11
292	2.99081645185354e-11
293	2.83627829466843e-11
294	2.79167742273409e-11
295	2.64234769585394e-11
296	2.44524316928897e-11
297	2.26876617787166e-11
298	2.24201949849452e-11
299	2.17666026826061e-11
300	2.07199281097574e-11
301	1.8697387990426e-11
302	1.79440226367362e-11
303	1.76652952377519e-11
304	1.7012701919278e-11
305	1.59548668156423e-11
306	1.44629455499235e-11
307	1.37639807517446e-11
308	1.34415906097978e-11
309	1.2227698783215e-11
310	1.20567297490321e-11
311	1.09126148245209e-11
312	9.92154623225308e-12
313	9.59808005873152e-12
314	9.49203734024656e-12
315	9.13990983102847e-12
316	8.74583070635567e-12
317	8.07582289293351e-12
318	7.70915291994819e-12
319	7.42173589804949e-12
320	6.62704369312429e-12
321	6.3078097844399e-12
322	5.95501591490676e-12
323	5.48081269465741e-12
