1	0.0708822531054058
2	0.0693085861405658
3	0.0623239508947199
4	0.0491443921317888
5	0.0476195368429531
6	0.0294962939761591
7	0.0283406915468109
8	0.0238216548635093
9	0.0231018381362174
10	0.0223473713226812
11	0.0198708870331806
12	0.0196951071658115
13	0.0171087473349871
14	0.0168395450555811
15	0.0146299047553053
16	0.0143532826387336
17	0.0115362868477505
18	0.0110402624786446
19	0.0106962855179901
20	0.0103999227545315
21	0.00998005791730821
22	0.00971892738549117
23	0.0095426306188983
24	0.00930146603631306
25	0.00927704341044682
26	0.00729727516559283
27	0.00722357497735332
28	0.00666837836629786
29	0.00657786758100794
30	0.00589160857676608
31	0.00582076299894223
32	0.00541672420719298
33	0.00534534123838915
34	0.00504168985660473
35	0.00478805592036885
36	0.00475405513020373
37	0.0043431385079427
38	0.00424020023129833
39	0.00420823314519085
40	0.00416932028374299
41	0.00358870140996844
42	0.00356952447578065
43	0.00322300288269485
44	0.00318667769661173
45	0.0029704708038553
46	0.00293415779100976
47	0.0026426117333668
48	0.00262920202145451
49	0.00225380167398566
50	0.0022045520633699
51	0.00217899742394262
52	0.00216372289261224
53	0.00213278498124162
54	0.00200927332239994
55	0.00197972718140389
56	0.00175493222822623
57	0.00174629743741137
58	0.00168538362252014
59	0.00164740605782319
60	0.00164485812115843
61	0.00164173221819484
62	0.00134815517325637
63	0.00134156032979318
64	0.00133780098858003
65	0.00132243299275937
66	0.00124615103326425
67	0.00123657977284546
68	0.00103767322603613
69	0.00103151383246629
70	0.00102146595039149
71	0.00101961563519582
72	0.000872877393745193
73	0.000847814433418873
74	0.000812396778124485
75	0.000811224632419737
76	0.000797053339378092
77	0.000792801310561248
78	0.000779307965712098
79	0.000708067094157875
80	0.000702924201230663
81	0.00062968170935089
82	0.000627589716895734
83	0.000612073464957834
84	0.000610886581407455
85	0.000597647001983652
86	0.000576977435776729
87	0.00053768508118274
88	0.000536406816185418
89	0.000490139346021915
90	0.000489447845397725
91	0.000454735997880966
92	0.000449188361253221
93	0.000438318047205974
94	0.000437468541980183
95	0.000385332320960796
96	0.000383398855641971
97	0.00036081629083397
98	0.000359907569266248
99	0.000326663258779888
100	0.00032222741646715
101	0.000309893751254091
102	0.000305536376566622
103	0.00029397506351047
104	0.00029348523578628
105	0.000262667503354879
106	0.000260157487655944
107	0.000256875085918512
108	0.000234497092724147
109	0.000233691774715918
110	0.000232731839656196
111	0.000230339809397839
112	0.000212684659803388
113	0.000212311718237542
114	0.000207311978179311
115	0.000200119596891644
116	0.000190291622234745
117	0.000189047953634314
118	0.000184018094941334
119	0.000182961475570342
120	0.000175433311378394
121	0.00017526511701685
122	0.000149623210953719
123	0.000148987906110218
124	0.000146271292477481
125	0.000145295071738446
126	0.00014172926732944
127	0.000140687146809864
128	0.000124648060673907
129	0.0001243367177976
130	0.000123139094483921
131	0.00012270251696022
132	0.000106177007315969
133	0.000104637378265258
134	0.00010430741775376
135	0.000103941280340195
136	0.000103196801996931
137	0.000102889828510967
138	8.62751156442457e-05
139	8.60864111955421e-05
140	8.52268060354996e-05
141	8.46175948628588e-05
142	8.41238236787362e-05
143	7.40924748118599e-05
144	7.3349489750461e-05
145	7.28299873970814e-05
146	7.2743983130286e-05
147	7.22377552647528e-05
148	7.15215638362413e-05
149	7.0026732329461e-05
150	6.88446495485366e-05
151	6.16610431769537e-05
152	6.16195564125017e-05
153	6.03309452014145e-05
154	5.92501946177084e-05
155	5.8938784665152e-05
156	5.84398876427277e-05
157	5.10138875976347e-05
158	5.06938936257983e-05
159	4.96683815257272e-05
160	4.95218970642807e-05
161	4.72389064355451e-05
162	4.63372702134897e-05
163	4.33813693011321e-05
164	4.31589547094867e-05
165	4.25782591394674e-05
166	4.2395661032163e-05
167	4.06281399609388e-05
168	4.04349492558863e-05
169	3.63523672731882e-05
170	3.6321658244486e-05
171	3.38707769574619e-05
172	3.34818193036738e-05
173	3.32129884620925e-05
174	3.30701744795089e-05
175	3.03828523696759e-05
176	3.02514768359394e-05
177	2.85964785871739e-05
178	2.85483943305628e-05
179	2.66131082119734e-05
180	2.61723121718372e-05
181	2.57321469519751e-05
182	2.47468815109866e-05
183	2.47018849664293e-05
184	2.31722144619433e-05
185	2.28569372265454e-05
186	2.25676308716875e-05
187	2.25438143334313e-05
188	2.23174738907175e-05
189	2.19112374154882e-05
190	2.13642758431696e-05
191	2.13169029564678e-05
192	1.90604472235684e-05
193	1.89642696253992e-05
194	1.83241592463662e-05
195	1.80313191147684e-05
196	1.79893717458417e-05
197	1.79851314762889e-05
198	1.64816343031719e-05
199	1.63846084704438e-05
200	1.54435527851518e-05
201	1.50740053871886e-05
202	1.49965069275531e-05
203	1.47597270869982e-05
204	1.43735639200451e-05
205	1.43305916868608e-05
206	1.39438107452975e-05
207	1.37752665375514e-05
208	1.26425784000772e-05
209	1.26161575466107e-05
210	1.25066519150409e-05
211	1.24842775115908e-05
212	1.08254928533587e-05
213	1.07936878276614e-05
214	1.06669644451319e-05
215	1.06540846380823e-05
216	1.04195688790678e-05
217	1.03460210324548e-05
218	9.45508304554589e-06
219	9.43281027438393e-06
220	9.09739379511198e-06
221	9.01507569894235e-06
222	8.48715660752383e-06
223	8.41420681399459e-06
224	8.33828553810303e-06
225	8.27905427863732e-06
226	7.89549094022966e-06
227	7.30768228763732e-06
228	7.29768428509009e-06
229	7.23316183488647e-06
230	7.12700788271612e-06
231	7.04905532855905e-06
232	7.04790100201976e-06
233	6.77396775328672e-06
234	6.52849391245901e-06
235	6.29899154452704e-06
236	6.28657394694678e-06
237	6.15189929277739e-06
238	6.11862049008991e-06
239	5.52784628905702e-06
240	5.42404534348201e-06
241	5.41559375040441e-06
242	5.3820571638428e-06
243	5.3440628800591e-06
244	5.2964048155338e-06
245	4.84723764245205e-06
246	4.81826918740129e-06
247	4.79155083618288e-06
248	4.72213950900781e-06
249	4.64613704887972e-06
250	4.6335019600916e-06
251	4.25494613449449e-06
252	4.25146508788222e-06
253	4.20474537584954e-06
254	4.17937491944701e-06
255	3.97291683847305e-06
256	3.96110038653818e-06
257	3.7036981987185e-06
258	3.70155819904658e-06
259	3.49190788983595e-06
260	3.48625092349026e-06
261	3.20517124379119e-06
262	3.14801192191533e-06
263	3.11265729538963e-06
264	3.09204870993908e-06
265	3.02004422962813e-06
266	3.00861896151516e-06
267	2.91843207490088e-06
268	2.91161932685056e-06
269	2.77462804756899e-06
270	2.76559189498409e-06
271	2.5793777172623e-06
272	2.56018136718239e-06
273	2.47359851113356e-06
274	2.4685011723051e-06
275	2.37908587291518e-06
276	2.23938396237495e-06
277	2.2321332393824e-06
278	2.1932579924617e-06
279	2.17929656210776e-06
280	2.17277278237909e-06
281	2.16904472160141e-06
282	2.01514909629218e-06
283	1.98114530583851e-06
284	1.97915653885961e-06
285	1.90114111700528e-06
286	1.78014165131077e-06
287	1.77577030571747e-06
288	1.76709122714198e-06
289	1.75405166327078e-06
290	1.65137113851453e-06
291	1.64058580971452e-06
292	1.62880212335635e-06
293	1.59635775748293e-06
294	1.5927101833031e-06
295	1.56324312422973e-06
296	1.48713350691478e-06
297	1.46519502724297e-06
298	1.4358015504632e-06
299	1.43197200105188e-06
300	1.41437579820782e-06
301	1.41144904311351e-06
302	1.27381417775618e-06
303	1.27183568719332e-06
304	1.25524316754903e-06
305	1.25143749208265e-06
306	1.23298261650656e-06
307	1.22226136050653e-06
308	1.12577060134623e-06
309	1.12035740013194e-06
310	1.01470209548009e-06
311	1.0116532557764e-06
312	9.93148773783992e-07
313	9.84240853066564e-07
314	9.56310387920126e-07
315	9.38172408989357e-07
316	9.18670473636524e-07
317	9.14784008317692e-07
318	8.89754034514615e-07
319	8.83782142457025e-07
320	8.74855056352143e-07
321	8.66255085382002e-07
322	8.30016375868194e-07
323	8.28695810069283e-07
324	7.80821958403685e-07
325	7.76483839686841e-07
326	7.44300152277585e-07
327	7.42785971757837e-07
328	7.22781842245999e-07
329	7.01653614445536e-07
330	6.98944254062219e-07
331	6.58547560550413e-07
332	6.53710006117203e-07
333	6.35523996360487e-07
334	6.33915986199996e-07
335	6.02715215667214e-07
336	5.77396883901775e-07
337	5.76717236483093e-07
338	5.52506871105249e-07
339	5.28145598675817e-07
340	5.26999618323399e-07
341	5.26238554148698e-07
342	5.22809249102189e-07
343	5.1375884646243e-07
344	5.11895443188023e-07
345	4.83415155639444e-07
346	4.79273922788733e-07
347	4.78669419175872e-07
348	4.66372825626668e-07
349	4.64443698025696e-07
350	4.51093306673794e-07
351	4.35108745145502e-07
352	4.33881852495937e-07
353	4.32477247182078e-07
354	4.30290236841199e-07
355	4.2252489432041e-07
356	4.21950396321561e-07
357	3.9004685376666e-07
358	3.87325556664683e-07
359	3.5771651975708e-07
360	3.56487781351751e-07
361	3.52542630686881e-07
362	3.43837499696632e-07
363	3.28070140384423e-07
364	3.27529027986175e-07
365	3.01263476670042e-07
366	3.00871644444637e-07
367	2.81673223066488e-07
368	2.77374349298766e-07
369	2.76333426750031e-07
370	2.74655684887605e-07
371	2.70698009286264e-07
372	2.66294104370396e-07
373	2.59128467610215e-07
374	2.57567814444221e-07
375	2.52728987584073e-07
376	2.51857867537659e-07
377	2.45921231765684e-07
378	2.43808634520542e-07
379	2.41243126301163e-07
380	2.39740475031896e-07
381	2.35050904094469e-07
382	2.26392104317246e-07
383	2.25548441538385e-07
384	2.1318563913625e-07
385	2.12085933902918e-07
386	1.99441420640214e-07
387	1.99048479367563e-07
388	1.92913283271206e-07
389	1.88257389431557e-07
390	1.8697351134813e-07
391	1.85384785418627e-07
392	1.84806954651419e-07
393	1.72033333019808e-07
394	1.71791175639973e-07
395	1.65480417631323e-07
396	1.59176334748512e-07
397	1.59028123634051e-07
398	1.46731060258315e-07
399	1.46308312677909e-07
400	1.39721301458661e-07
401	1.32783466251688e-07
402	1.32532760947842e-07
403	1.30658652978569e-07
404	1.27547778688863e-07
405	1.2692143511847e-07
406	1.24710251676511e-07
407	1.24250797358432e-07
408	1.21064621834816e-07
409	1.20531211436901e-07
410	1.17732156913e-07
411	1.16810497726094e-07
412	1.13978522591548e-07
413	1.13542783170881e-07
414	1.12346951657473e-07
415	1.09635454879731e-07
416	1.09261237778548e-07
417	1.08324419369221e-07
418	1.04243177035374e-07
419	1.0383834730142e-07
420	1.00566492175336e-07
421	9.80298089385098e-08
422	9.76937094303819e-08
423	9.65968605568427e-08
424	9.16168778035081e-08
425	9.12743669091732e-08
426	8.50622422663755e-08
427	8.47547860535186e-08
428	7.93543965140996e-08
429	7.57577318846371e-08
430	7.36923329659654e-08
431	6.05257675932903e-08
432	6.0269751648826e-08
433	6.02428012401978e-08
434	5.98190188223785e-08
435	5.96599930178518e-08
436	5.93678960578008e-08
437	5.90580990933733e-08
438	5.87093729164115e-08
439	5.86629843735213e-08
440	5.83485467556245e-08
441	5.80139808260875e-08
442	5.77750558753391e-08
443	5.75562495194951e-08
444	5.73905780788317e-08
445	5.71730433797171e-08
446	5.6214109437682e-08
447	5.60133576372534e-08
448	5.5415552981538e-08
449	5.52443256662216e-08
450	5.34956232421044e-08
451	5.29722886297665e-08
452	5.2564193893716e-08
453	5.22015351519664e-08
454	4.92782056746458e-08
455	4.9141200691816e-08
456	4.90190705204785e-08
457	4.51670868255018e-08
458	4.47498829199259e-08
459	3.99770598527685e-08
460	3.74907464367571e-08
461	3.17108550204145e-08
462	3.15959001866073e-08
463	3.14845613786092e-08
464	3.12620564216715e-08
465	3.1067832830386e-08
466	3.09322424054304e-08
467	3.08267834280463e-08
468	3.00277275019062e-08
469	2.98466083911292e-08
470	2.95590589553661e-08
471	2.93417898494805e-08
472	2.87015086653092e-08
473	2.83819041317051e-08
474	2.82990679983119e-08
475	2.78421481331362e-08
476	2.76335062362341e-08
477	2.63152662314467e-08
478	2.58834872434454e-08
479	2.51938603718844e-08
480	2.48691907468742e-08
481	2.46953504232646e-08
482	2.45020869785841e-08
483	2.42949397383059e-08
484	2.37661265326417e-08
485	2.36079104907905e-08
486	2.29973482245878e-08
487	2.27397546525371e-08
488	2.14969667700624e-08
489	2.09964234374482e-08
490	1.84887907356123e-08
491	1.7907560749718e-08
492	1.73837796617198e-08
493	1.71611544683262e-08
494	1.7080391775204e-08
495	1.70111600784168e-08
496	1.67112886356963e-08
497	1.66217165885614e-08
498	1.64091172049697e-08
499	1.63149678974749e-08
500	1.62016510356032e-08
501	1.54286964537848e-08
502	1.54034114316015e-08
503	1.42750936644345e-08
504	1.38983649714064e-08
505	1.37576891676369e-08
506	1.22551027171706e-08
507	1.22074799363482e-08
508	1.20749781095701e-08
509	1.0887813137318e-08
510	1.08116292722201e-08
511	1.04005728809357e-08
512	9.81909528596198e-09
513	9.75516051794103e-09
514	9.67196221910139e-09
515	9.61752297473273e-09
516	9.51392900249847e-09
517	9.46241371675619e-09
518	9.43238840241473e-09
519	9.39300028674878e-09
520	9.30343567604455e-09
521	9.26845700208024e-09
522	9.20344172538304e-09
523	9.10119772074993e-09
524	9.08034836887776e-09
525	8.90520948701659e-09
526	8.69386232963647e-09
527	8.51571227768935e-09
528	8.46853566878203e-09
529	8.42745384269475e-09
530	8.11126432049538e-09
531	7.77355682659835e-09
532	7.2864676429135e-09
533	7.25914958170231e-09
534	6.72213713065546e-09
535	6.02967566028038e-09
536	5.99635296745256e-09
537	5.75420109877603e-09
538	5.42268174017351e-09
539	5.41671483154559e-09
540	5.37382399253722e-09
541	5.36373447658276e-09
542	4.98458892284332e-09
543	4.91276554929277e-09
544	4.90424761133802e-09
545	4.87588588402698e-09
546	4.14291259531585e-09
547	4.10502466408825e-09
548	4.07852372298205e-09
549	4.01715622546836e-09
550	3.90707517039192e-09
551	3.74558387032633e-09
552	3.52979570949364e-09
553	3.43336656979565e-09
554	3.25759281546444e-09
555	3.22487598827302e-09
556	3.2050098051926e-09
557	3.17301005865372e-09
558	3.10974326972314e-09
559	3.09385575028262e-09
560	3.08881209977016e-09
561	3.05361118806632e-09
562	3.00500334960305e-09
563	2.95793166557891e-09
564	2.93124810119941e-09
565	2.91398655386099e-09
566	2.81561025406123e-09
567	2.71329078944324e-09
568	2.47040883569739e-09
569	2.45066122209585e-09
570	2.41174078849855e-09
571	2.40072092956338e-09
572	2.38875867763975e-09
573	2.35938312779015e-09
574	1.86333855096402e-09
575	1.83402906730907e-09
576	1.82000459075423e-09
577	1.78172177707691e-09
578	1.7557600461228e-09
579	1.74809449676842e-09
580	1.55383481203477e-09
581	1.54773620663839e-09
582	1.39213472491374e-09
583	1.37935985270339e-09
584	1.28093556600206e-09
585	1.26395886463056e-09
586	1.15032234270324e-09
587	1.14114275405736e-09
588	1.11543970294131e-09
589	1.10610778310153e-09
590	9.62440144638854e-10
591	9.54551666676275e-10
592	9.4726829741732e-10
593	9.35858702990855e-10
594	8.70456796848125e-10
595	8.66150631593964e-10
596	7.83048222250679e-10
597	7.74308389440768e-10
598	7.59086141593502e-10
599	7.41352019109399e-10
600	2.938903254776e-10
